-0.032853
1.053
0.11227
-1.4122
1.0797
1.5051
0.74155
1.6577
-1.9451
-0.67599
1.2542
0.33617
-1.6501
-0.37819
0.5093
0.33331
-1.5293
0.88819
1.2768
-1.4876
-0.65578
0.11075
0.094488
0.70514
-0.28386
-1.0338
0.35788
1.003
1.221
0.83191
1.4299
0.031279
0.84801
-3.2878
0.45861
0.39686
0.49717
-0.81303
-0.64518
0.19166
0.15921
-0.54446
-1.2117
-0.31139
0.64131
-1.327
1.0806
-0.56445
-0.58073
-1.4751
0.93131
-1.4266
-1.5276
-0.92248
0.68438
1.017
-0.61521
0.078952
0.019976
0.322
1.0251
-1.0975
-0.73779
0.30567
-0.56327
-0.22514
-0.43295
0.50425
-0.97738
-0.84273
1.5969
-0.36489
0.70328
-1.7951
-0.82626
0.45325
-1.9172
-0.063431
1.7046
1.0763
0.19082
-1.7803
1.3823
0.029827
-0.63818
0.154
2.0805
-0.18072
0.42132
1.046
-3.0113
1.6535
0.68885
-0.59983
0.6577
1.9158
0.17227
1.167
-0.053646
0.20649
