0.26914
-0.35001
-0.22102
-0.12191
-0.20902
-0.35869
0.43387
0.47722
0.42543
-0.21733
0.17312
-0.17152
0.3862
0.23493
0.1784
0.27346
-0.3127
0.37512
-0.29829
-0.16936
0.43955
-0.33549
0.13026
-0.42342
0.29972
0.37783
0.21914
0.042856
0.40354
-0.38764
-0.13563
-0.02331
-0.34637
0.10119
-0.16822
-0.055486
0.17829
-0.2651
-0.044745
-0.2016
0.074137
0.29443
-0.46484
-0.25077
-0.40654
0.24367
0.41499
-0.42018
-0.17167
0.29226
0.43142
-0.061446
-0.47953
0.2646
0.29932
0.18944
0.45501
0.34339
-0.025931
0.38843
-0.073668
-0.11365
0.33623
0.19583
0.0072143
-0.19969
0.44097
0.27197
-0.1879
0.015527
0.35929
0.16854
-0.45237
-0.30491
0.36151
0.48214
-0.020728
-0.42839
0.16844
-0.25745
-0.43129
-0.19209
0.10906
-0.33969
-0.23888
0.45642
-0.38808
-0.11598
-0.03564
0.44536
0.41718
0.24537
-0.16166
0.05095
0.4459
0.44854
0.35423
0.47407
0.18611
-0.44465
