19.0600  204.320  1868.50  0.50000  38.2689  4.31906 0
19.5100  205.180  1960.50  0.50000  31.2653  5.39401 0
19.4000  205.080  1955.50  0.50000  35.9089  5.90146 0
19.5100  205.160  1960.50  0.50000  38.1576  9.98890 0
19.6382  204.488  1843.50  0.50000  39.0945  2.39354 0
19.8627  204.092  1859.50  0.50000  38.7868  1.98907 0
19.6856  204.536  1935.50  0.50000  35.3837  2.19279 0
19.2641  204.126  1950.50  0.50000  34.8669  3.20615 0
19.5159  204.190  1960.50  0.50000  35.9574  3.19622 0
19.3622  205.033  1990.50  0.50000  32.7233  1.30093 0
19.6000  205.100  1840.50  0.50000  34.9223  1.99556 0
19.6000  204.500  1907.50  0.50000  30.9312  2.99334 0
19.3900  204.390  1926.50  0.50000  36.7136  9.17839 0
19.3900  204.390  1926.50  0.50000  28.3105  6.00222 0
19.3900  204.390  1926.50  0.50000  32.3119  2.10077 0
19.6000  204.500  1926.50  0.50000  33.9245  3.89134 0
19.6000  204.500  1950.50  0.50000  44.7005  8.78046 0
19.6000  204.500  1955.50  0.50000  41.9067  4.68956 0
19.4700  205.100  1955.50  0.50000  33.7792  3.69772 0
19.6000  204.500  1955.50  0.50000  42.3059  6.88468 0
19.4300  205.060  1955.50  0.50000  37.3954  9.34885 0
19.4300  205.060  1955.50  0.50000  33.4959  1.89977 0
19.4300  205.060  1955.50  0.50000  33.0459  1.59980 0
19.5100  205.160  1960.50  0.50000  34.4617  8.61543 0
19.5000  205.200  1960.50  0.50000  31.7686  3.39665 0
19.5000  205.200  1960.50  0.50000  37.9625  5.99408 0
19.5100  205.160  1960.50  0.50000  40.9545  4.49500 0
19.5070  205.160  1960.50  0.50000  48.9474  9.58970 0
19.5070  205.160  1960.50  0.50000  39.3577  7.89152 0
19.5000  205.200  1960.50  0.50000  40.2602  8.09201 0
19.6000  204.500  1960.50  0.50000  32.5276  3.69178 0
19.3000  204.830  1970.50  0.50000  38.2565  2.80414 0
19.3000  204.830  1970.50  0.50000  43.2639  8.41242 0
19.6000  204.500  1972.50  0.50000  35.8203  8.98002 0
19.6000  204.500  1977.50  0.50000  37.7161  1.89578 0
19.6000  204.500  1982.50  0.50000  38.1152  2.09534 0
19.4700  205.100  2000.50  0.50000  41.2745  0.499691 0
19.3400  205.000  2009.50  0.50000  39.7391  4.20414 0
19.3600  205.030  1990.50  0.50000  33.6248  3.30244 0
19.5100  205.180  1960.50  0.50000  36.9589  1.69811 0
19.4200  205.060  1955.50  0.50000  37.2000  3.80000 0
19.2700  204.120  1950.50  0.50000  36.9682  0.901667 0
19.6300  204.500  1935.50  0.50000  34.5104  1.59585 0
19.1900  204.130  1926.50  0.50000  36.1020  0.401136 0
19.2300  204.120  1919.50  0.50000  35.4829  0.400938 0
19.0600  204.320  1868.50  0.50000  39.3738  2.71197 0
19.5800  204.550  1855.50  0.50000  36.8272  1.09783 0
19.6300  204.490  1843.50  0.50000  41.6917  1.69560 0
19.4500  205.140  1790.50  0.50000  45.1833  4.19845 0