4.2203
28.157
10.461
15.855
23.543
10.802
16.099
17.072
18.145
9.7504
19.899
15.435
18.927
15.485
15.006
19.783
19.588
7.5951
19.753
18.965
11.753
10.978
15.191
19.194
14.907
24.294
10.889
21.336
23.759
15.759
35.504
24.629
30.837
26.1
28.964
35.41
41.617
35.503
31.8
36.449
39.305
46.144
37.039
50.365
39.208
26.357
38.228
40.421
38.109
26.822
29.303
34.741
35.923
30.878
28.943
37.927
34.779
18.828
22.18
28.263
26.126
21.482
23.162
24.285
18.305
20.365
20.975
22.949
21.996
25.852
20.463
21.314
19.35
12.596
20.714
7.1745
23.804
4.6992
19.904
6.0529
8.4673
11.566
10.941
14.167
13.463
19.199
16.793
19.465
18.049
17.266
16.385
13.314
9.7946
10.627
9.6678
7.7017
11.47
16.363
17.929
9.3135
19.211
10.554
7.4793
22.514
14.617
14.998
21.979
19.986
19.553
25.192
32.148
20.62
30.203
33.555
31.777
28.997
38.028
32.17
42.105
45.103
46.328
42.43
36.807
33.714
29.094
33.831
32.021
33.7
27.47
39.857
38.028
25.957
35.463
28.973
34.472
30.169
29.064
27.755
27.155
24.24
25.664
20.79
23.148
20.39
22.074
24.907
23.458
14.846
10.641
16.401
25.526
19.478
13.994
17.137
20.952
17.117
13.781
17.358
14.272
18.784
13.403
15.217
14.065
18.992
3.0878
10
10.476
17.261
9.735
8.7731
15.201
18.637
12.525
19.708
12.412
4.1742
23.655
18.336
13.821
10.53
4.1515
11.802
29.089
11.891
23.158
17.02
21.05
17.668
27.848
21.628
28.318
28.854
38.013
38.927
35.469
40.852
39.581
35.081
39.532
33.579
43.224
50.158
33.846
30.353
42.493
37.801
30.703
33.666
29.562
32.478
35.627
29.888
22.763
25.232
25.862
22.532
29.353
24.949
26.483
18.095
31.061
14.981
18.936
21.48
20.236
22.616
17.272
13.653
15.642
18.996
10.041
23.019
21.367
17.404
6.4372
24.342
17.449
16.714
24.013
20.763
10.06
11.75
1.5252
18.037
14.68
7.0171
17.372
8.9263
5.6016
9.0184
5.2544
0.30717
10.972
8.1946
20.222
14.321
5.459
24.032
17.991
11.999
25.108
21.186
14.242
16.175
30.774
24.834
25.408
30.352
30.161
25.595
45.809
35.221
35.976
25.701
54.495
26.549
39.112
35.587
37.965
44.959
34.087
37.561
34.964
38.26
27.834
23.627
41.138
38.58
31.238
25.173
27.937
23.19
19.803
29.247
26.247
35.325
24.034
27.83
35.221
18.227
21.37
21.143
15.626
29.102
18.637
11.957
15.33
14.728
10.707
9.0762
18.149
11.648
3.7778
-2.9624
6.1786
30.792
16.199
11.649
13.356
6.525
18.904
16.134
14.577
12.986
5.5907
14.654
13.391
17.191
19.888
5.2096
3.298
10.834
11.542
21.036
15.669
19.962
11.226
19.735
14.691
15.435
15.718
28.258
27.901
26.971
29.147
36.709
30.886
27.492
32.045
24.06
38.49
43.883
39.152
41.642
39.839
40.979
31.621
40.912
34.27
44.762
30.483
38.044
40.909
28.453
38.58
22.301
29.703
24.227
22.744
24.311
33.091
22.523
30.08
25.825
13.841
31.857
16.677
8.7296
27.4
21.956
24.506
18.506
19.54
20.792
17.798
23.036
23.412
30.822
29.211
23.39
16.525
-0.67997
21.859
18.613
4.3552
7.3702
11.287
11.812
11.796
21.475
19.115
7.9248
20.004
8.472
17.657
-1.5488
12.124
7.9576
23.633
5.6402
11.63
15.958
14.218
22.379
16.262
19.812
10.839
19.784
15.505
25.512
15.255
28.736
22.505
22.961
31.167
27.419
29.964
26.026
32.107
33.035
31.591
36.365
39.68
45.8
42.873
41.448
42.084
42.809
34.556
47.482
36.902
37.677
40.088
37.888
34.982
27.678
21.908
34.211
23.693
26.394
23.157
25.531
28.013
21.585
24.51
17.239
26.725
15.411
18.357
17.197
15.65
29.607
13.249
17.031
21.576
14.594
20.267
10.203
14.163
24.723
11.018
13.173
12.437
13.968
10.731
14.605
15.572
18.299
22.219
19.718
4.8376
13.497
27.469
17.887
16.031
16.355
19.327
13.37
16.627
15.883
16.399
9.2768
18.716
29.348
16.858
20.733
17.145
34.78
27.178
27.933
32.203
36.204
47.211
27.821
36.498
36.157
34.646
39.633
44.368
39.272
33.303
32.056
35.676
34.446
43.787
35.804
31.077
36.323
23.095
36.109
27.617
24.302
28.462
33.508
22.338
21.37
24.514
25.381
15.863
22.199
18.774
17.531
11.501
24.701
19.448
12.899
18.275
15.608
20.152
15.185
22.206
24.547
19.643
26.664
20.64
14.934
18.1
16.029
3.3634
9.7528
15.332
8.7238
19.766
13.074
12.933
10.393
9.5127
11.269
8.0751
12.701
13.898
7.9827
2.2063
-1.5241
12.802
8.4344
10.479
20.193
11.96
5.0152
13.402
9.496
6.0885
13.69
10.08
7.7044
3.6609
4.0928
4.1178
11.796
1.2644
6.1164
7.7367
5.8025
6.7601
8.4092
10.293
1.8374
0.61494
7.0487
4.1944
7.0468
4.4281
5.8144
13.977
14.043
15.9
-6.1909
3.0145
4.6055
13.773
20.09
15.3
17.208
19.907
23.953
23.419
27.688
35.896
36.489
34.974
31.281
43.739
48.61
48.764
48.613
41.852
36.257
51.748
40.027
36.705
42.965
44.835
40.183
26.894
41.573
26.304
30.267
34.582
28.143
25.929
28.388
26.238
28.252
23.668
35.387
21.418
26.818
25.626
32.021
23.46
19.009
31.115
17.73
23.33
26.954
22.088
9.1317
17.458
19.448
19.124
18.843
32.071
18.731
13.753
18.951
28.627
29.537
14.197
26.326
25.48
18.147
27.521
27.106
20.271
26.466
28.509
22.422
36.716
22.027
33.941
38.659
33.154
40.112
25.624
26.492
35.231
25.917
30.659
35.201
41.824
31.538
31.111
35.612
29.659
31.615
18.41
34.203
30.363
32.346
34.465
27.872
20.041
20.986
28.462
31.568
34.058
18.866
15.862
16.878
14.748
25.189
20.461
21.598
24.048
20.438
27.703
24.382
15.544
22.613
10.316
25.259
19.419
11.853
20.402
22.569
24.208
20.927
24.569
19.19
19.025
17.192
14.493
16.715
13.62
20.816
20.942
20.594
21.839
25.488
27.448
28.331
25.327
31.699
24.31
34.012
37.676
26.595
29.373
29.941
29.681
26.995
42.69
37.668
39.288
31.223
40.517
29.091
32.31
42.475
34.221
28.598
29.843
20.338
19.728
23.374
35.522
39.47
20.385
24.728
31.967
27.268
17.235
25.28
18.993
30.218
15.524
12.276
17.413
23.168
18.653
17.768
21.062
19.35
14.982
20.604
22.725
17.093
22.012
21.258
14.7
19.26
13.227
25.762
17.066
15.058
20.555
15.442
10.071
18.814
8.0705
20.931
24.86
24.667
28.176
26.12
29.865
20.499
20.129
28.567
28.467
31.173
28.193
35.141
41.658
38.328
24.709
27.437
31.583
28.157
32.383
28.335
31.64
26.824
35.097
33.685
27.917
26.073
44.88
27.647
26.985
29.437
21.599
37.051
19.398
28.577
32.267
18.886
26.131
23.136
21.691
20.579
22.16
13.688
17.333
17.696
14.596
19.729
14.356
23.849
20.416
25.652
20.819
23.917
12.715
20.187
15.266
22.209
18.191
9.5354
20.583
21.804
23.711
25.745
25.368
19.927
22.717
25.041
24.645
26.216
30.784
22.105
25.446
22.902
28.768
33.393
34.342
32.197
29.703
29.247
41.198
30.301
40.488
22.908
39.323
32.984
29.143
28.771
34.855
39.001
32.163
35.907
38.827
29.521
27.25
25.821
16.385
21.933
34.511
37.316
23.387
31.162
26.275
30.641
16.547
19.365
27.319
27.933
25.734
27.541
17.912
15.445
25.281
10.217
7.6801
23.446
7.4436
17.262
18.442
13.789
14.596
19.626
16.488
12.625
15.787
21.473
18.163
17.558
14.558
15.586
19.866
23.916
11.353
16.07
25.678
20.673
30.062
21.95
28.099
28.483
20.152
26.845
24.322
27.181
21.256
38.403
27.499
40.691
26.816
33.224
35.096
33.61
29.953
33.835
27.781
33.858
35.03
36.17
31.32
26.872
24.302
38.35
30.249
25.096
32.256
27.902
22.695
30.543
26.435
21.414
29.81
22.863
12.95
26.132
21.661
28.6
15.85
25.923
15.613
29.624
22.365
14.838
17.368
21.733
14.667
18.471
28.353
20.475
14.252
21.721
15.032
14.492
16.162
26.797
14.21
17.243
15.291
16.468
13.569
15.92
18.962
10.328
15.911
32.632
18.54
12.951
25.842
12.53
20.964
23.643
24.054
27.769
21.231
17.114
34.193
31.122
34.562
28.17
33.756
38.076
45.913
45.28
33.561
29.09
39.899
41.354
25.749
27.178
24.907
32.311
34.588
26.528
28.183
26.754
29.558
29.087
25.87
28.426
23.855
21.1
28.225
21.387
30.054
20.241
26.546
15.705
21.042
16.237
20.04
29.244
14.506
16.82
16.764
28.389
15.632
21.813
12.468
20.905
16.925
11.592
11.9
16.196
7.6979
20.71
15.014
19.06
16.516
12.618
18.528
16.211
18.583
10.345
9.5566
13.745
23.508
28.727
13.562
16.504
13.611
11.452
13.033
25.371
23.351
20.369
15.718
25.98
18.907
29.116
42.245
35.736
34.028
34.317
37.326
32.321
32.141
40.357
35.09
33.914
40.965
36.435
37.945
34.563
25.336
32.415
34.928
38.795
25.336
34.386
24.096
26.905
40.17
14.519
27.301
22.372
27.708
30.219
21.13
31.11
20.137
12.409
13.679
21.732
17.999
15.087
15.037
18.178
20.116
19.286
19.693
25.192
24.091
19.916
10.494
16.303
22.227
8.9908
15.351
9.9669
9.9182
14.15
9.2262
10.498
7.9164
15.62
15.474
13.512
14.592
14.294
16.14
12.131
14.356
6.0092
14.146
8.2569
8.0519
4.6858
3.8983
7.3102
-1.2539
16.711
11.208
5.618
7.9304
5.8361
8.2625
3.7443
13.593
21.015
3.0549
9.8312
11.287
30.095
7.4123
26.86
28.006
27.081
22.727
34.731
30.536
32.498
34.185
37.619
48.583
47.582
40.883
38.735
37.944
38.131
36.944
43.632
38.746
38.556
33.137
43.405
26.933
26.028
38.687
28.662
23.194
24.474
28.259
28.276
22.028
25.43
27.23
31.983
22.76
17.046
16.793
24.549
27.45
21.516
8.9445
20.111
25.758
11.482
24.783
14.227
17.407
14.272
20.44
26.813
10.901
17.583
16.27
16.631
19.079
10.672
10.291
11.449
6.3807
15.763
4.3269
15.749
17.973
20.712
22.133
13.825
22.504
24.356
30.474
27.115
21.344
29.525
27.775
31.216
33.176
50.898
37.202
33.131
38.501
39.506
40.069
44.718
38.384
43.615
22.141
41.016
41.024
41.773
29.357
23.371
33.063
34.096
27.983
35.163
20.364
26.046
28.506
22.049
29.028
17.554
17.543
20.315
18.96
22.506
28.231
21.869
19.274
24.542
19.886
6.7661
25.615
10.322
24.296
19.334
28.109
19.74
11.651
12.513
17.674
18.888
9.3896
14.608
11.186
14.698
17.812
13.326
17.215
17.576
8.0137
19.977
18.014
8.2257
17.159
10.456
16.575
7.3933
8.7018
23.092
11.256
25.778
16.755
20.893
15.006
20.316
23.293
33.39
35.84
23.005
38.325
35.37
46.113
34.881
33.658
41.976
47.409
33.88
34.997
38.045
38.014
29.719
36.028
31.515
41.455
34.017
30.034
21.846
37.644
29.063
28.135
32.747
28.827
26.59
19.429
24.174
23.936
19.807
23.46
27.336
15.183
18.275
16.867
39.388
11.45
12.731
12.891
20.83
18.081
31.622
9.6683
14.919
10.272
25.738
11.841
19.61
18.359
19.507
14.769
7.561
18.837
18.238
16.559
12.809
11.119
4.5681
18.996
15.829
16.969
10.415
7.1892
8.6559
9.5301
8.5036
13.597
6.603
12.184
11.677
5.2341
14.613
8.0077
11.529
8.5926
7.7924
17.235
15.679
18.586
12.93
23.958
19.498
17.415
18.247
20.181
19.13
27.035
23.406
29.797
42.356
37.724
29.336
38.184
44.002
39.011
50.131
50.06
42.391
40.034
47.837
44.363
49.065
47.06
30.743
37.085
31.062
25.696
38.692
32.501
33.852
21.292
21.029
27.108
26.322
34.691
24.45
29.062
22.585
20.58
15.805
26.262
17.59
24.258
16.993
19.105
18.402
21.154
13.752
7.0233
20.852
14.561
19.397
21.077
18.087
15.996
14.557
20.175
14.898
10.641
19.043
20.107
6.2062
20.72
16.841
16.228
21.668
24.475
17.984
26.079
23.393
31.471
30.118
20.507
20.617
35.24
20.225
29.561
34.556
34.012
35.612
39.611
30.527
44.039
37.905
31.168
37.249
36.628
35.887
35.241
37.188
39.221
30.221
27.731
22.715
42.177
25.61
30.009
30.653
29.939
19.785
23.083
23.734
30.517
22.25
23.229
30.123
25.236
26.631
21.209
19.361
19.112
19.166
19.469
14.925
19.574
19.303
16.491
14.619
18.864
12.135
24.238
17.098
19.918
16.719
24.008
6.4475
12.362
12.566
19.461
8.9139
19.102
21.953
20.371
14.484
14.297
20.336
19.7
15.433
11.85
21.263
18.785
18.039
17.885
31.996
42.601
28.74
29.444
33.725
33.953
30.949
44.274
37.386
39.4
35.097
34.975
31.439
35.62
39.51
43.387
44.986
37.562
34.846
37.501
27.716
31.533
32.195
37.075
28.185
20.073
28.78
36.072
23.193
17.549
35.364
32.145
18.443
32.315
23.256
24.048
25.655
11.524
13.374
8.624
16.25
16.707
19.801
18.616
18.837
21.753
14.465
23.367
11.184
18.939
11.797
22.292
14.778
21.231
20.425
24.859
15.243
17.408
18.096
9.2922
14.624
9.2758
5.6403
14.17
18.49
5.8242
15.96
10.183
7.0285
10.239
21.939
11.567
8.5357
13.612
11.202
22.272
10.742
14.53
21.303
20.888
18.882
21.385
35.933
18.042
31.316
29.72
28.843
40.145
38.04
41.925
43.786
33.992
40.441
44.343
38.945
44.071
33.452
45.607
33.704
33.713
43.113
41.927
39.527
34.365
29.418
21.455
29.806
25.518
30.29
21.555
24.553
29.901
29.837
24.573
23.723
23.772
15.884
14.475
22.441
27.335
15.467
26.173
14.876
16.139
22.317
19.774
10.782
20.225
16.622
16.996
20.189
11.549
21.323
20.846
11.298
8.9898
10.67
10.61
19.986
12.367
9.8931
13.126
19.391
20.966
17.339
4.7315
15
22.76
18.067
3.7482
23.177
31.152
22.044
22.801
11.039
20.722
27.122
30.994
32.351
35.284
33.652
31.427
33.835
36.957
40.011
33.631
28.291
37.222
39.7
35.081
41.132
37.03
29.087
25.897
42.38
29.657
43.269
32.629
34.752
37.965
31.921
33.191
24.956
32.715
21.595
29.736
23.939
29.626
22.79
22.48
21.914
11.071
24.681
18.058
29.14
24.578
14.3
9.8815
12.837
4.349
6.2202
15.832
15.888
14.625
19.503
28.715
11.616
10.217
13.079
20.411
20.325
11.077
12.705
8.9976
13.961
12.803
7.196
11.202
13.385
7.5351
20.103
6.6409
18.841
4.5452
9.8265
9.0319
-4.3621
6.4996
12.74
4.0471
7.1566
11.581
8.639
7.6031
-3.3172
1.5896
3.6956
15.296
7.1846
4.183
9.6885
1.4168
4.1082
9.8172
5.1443
5.6113
1.5235
6.0209
8.6557
12.745
6.6835
8.1212
13.466
6.9069
15.592
25.08
25.131
23.001
28.723
27.474
30.134
31.332
37.802
42.597
36.44
52.993
44.141
42.16
44.882
41.339
45.183
43.479
45.333
35.09
31.104
38.712
36.925
40.883
28.91
35.546
30.985
35.217
29.942
34.463
31.2
23.995
24.312
27.587
18.692
29.58
35.639
35.214
27.023
20.673
18.067
23.103
27.325
14.411
18.019
20.87
26.3
25.766
22.62
25.386
20.487
16.207
20.818
14.461
10.036
23.533
16.201
4.2748
25.814
27.617
30.813
29.434
27.461
34.408
32.418
27.825
26.695
29.225
29.545
29.727
17.914
24.914
29.893
36.209
37.461
34.237
38.87
36.624
34.076
38.259
30.198
28.618
32.335
27.571
26.076
31.715
35.639
30.15
28.626
24.267
22.083
23.259
21.386
25.787
27.439
23.297
18.028
26.226
31.457
23.79
15.932
17.885
18.605
14.824
15.89
19.005
16.205
20.088
28.774
23.281
26.883
14.434
14.558
10.922
7.1521
22.048
21.115
29.913
11.381
23.293
27.955
15.89
23.044
21.36
21.33
22.991
14.313
15.529
21.372
20.629
26.042
28.47
30.917
31.487
16.829
24.48
29.474
27.136
31.43
36.472
23.528
27.416
38.438
40.4
29.898
39.56
29.166
29.931
32.139
32.027
33.134
26.263
30.387
27.205
21.936
23.046
33.483
25.003
30.722
30.284
23.589
24.914
36.516
27.096
16.362
30.298
21.658
17.886
20.86
30.175
25.489
27.701
30.521
18.559
17.12
27.547
17.08
19.975
20.504
19.596
13.904
18.515
23.735
18.66
15.332
6.6446
19.085
15.408
14.928
25.896
26.448
19.375
14.174
22.044
15.51
21.145
38.188
32.39
24
24.333
32.313
28.435
31.687
31.665
39.039
33.982
29.094
31.635
28.46
29.56
33.843
42.083
25.775
36.46
34.298
37.348
39.376
32.111
37.183
23.359
28.337
33.197
25.05
27.465
29.391
30.771
26.596
29.166
25.336
19.071
31.745
28.481
28.874
22.507
17
24.477
21.094
22.78
22.951
19.857
19.077
22.63
31.703
22.783
15.801
20.942
12.402
23.276
26.934
12.147
23.001
28.137
7.3631
18.232
23.237
13.968
16.174
23.542
14.649
14.703
19.376
13.491
25.34
22.441
23.856
17.508
27.422
16.933
32.732
30.191
30.249
27.825
32.69
37.183
19.776
35.481
32.042
29.316
24.605
31.195
39.809
40.425
35.88
28.228
36.646
32.827
32.684
40.809
40.152
24.809
28.032
36.734
24.327
20.151
32.043
36.869
23.427
22.066
25.286
18.135
30.362
22.359
24.015
29.023
20.395
15.292
16.637
19.912
24.236
11.835
14.03
19.237
20.491
22
25.85
21.605
10.04
9.1466
16.944
15.335
16.125
10.492
18.828
8.6483
21.08
8.5681
19.526
10.874
11.09
6.1663
15.595
10.228
13.148
18.325
25.746
22.6
16.278
21.815
28.725
18.326
29.379
20.612
33.475
31.542
30.219
23.153
31.459
40.189
42.448
33.374
35.704
37.734
38.67
26.441
38.214
42.018
35.426
34.891
29.426
31.083
32.781
33.036
38.622
34.692
25.84
34.051
35.195
25.932
20.326
20.777
28.633
23.697
23.735
13.251
19.746
12.618
20.655
14.8
12.694
15.45
33.163
15.653
20.689
21.028
9.6058
17.714
26.428
14.596
14.988
22.504
12.861
17.496
9.4491
15.64
19.075
11.801
19.384
22.758
10.357
13.135
5.7741
12.384
9.7711
16.027
11.143
10.09
6.3687
15.132
2.2054
3.5706
9.8488
13.597
10.175
16.812
7.9151
16.285
21.24
7.1956
13
17.169
13.586
9.8175
23.51
13.373
10.478
19.669
18.63
21.884
29.63
27.179
25.23
35.682
43.147
28.307
46.056
35.377
52.09
41.727
32.311
40.747
38.065
35.773
27.504
30.141
33.013
35.201
31.656
40.17
41.33
26.566
32.055
27.806
27.764
25.736
28.992
24.023
29.765
23.015
19.563
18.212
23.648
35.43
24.98
22.862
30.26
24.269
19.454
22.785
16.07
19.755
14.543
26.562
22.869
30.471
15.649
17.998
0.46237
22.428
13.544
13.254
16.54
13.311
27.061
19.616
11.818
7.7189
16.958
16.659
18.946
25.377
15.996
19.598
26.342
21.615
22.53
30.856
28.952
26.711
29.484
29.425
33.278
28.906
40.657
38.726
37.552
38.759
37.558
38.333
45.108
44.522
33.574
48.064
29.634
23.766
33.807
23.16
32.731
32.729
43.751
35.33
31.742
28.794
26.608
35.047
23.818
20.3
24.524
27.238
29.879
18.071
23.929
31.615
16.271
19.917
23.358
34.025
19.14
23.674
11.455
20.845
13.653
5.7261
13.586
13.798
26.589
20.155
13.542
1.9515
29.357
11.972
13.515
18.794
17.714
17.07
12.514
20.99
14.702
14.505
12.779
6.2785
9.9183
10.576
21.69
16.158
11.602
22.735
29.132
14.387
31.729
14.976
32.048
31.49
31.542
39.932
28.467
37.379
28.838
40.311
40.137
36.103
38.851
48.876
34.944
39.793
35.232
34.623
30.564
37.762
30.279
39.578
29.019
25.781
34.609
40.078
32.952
32.532
30.493
15.308
29.99
32.779
21.71
21.569
23.635
27.597
14.826
20.158
25.155
20.172
18.039
18.609
19.555
15.246
26.162
16.033
11.283
31.812
26.039
8.7144
13.966
13.926
21.256
13.687
15.507
7.2453
9.3517
13.286
11.284
20.014
6.7144
14.49
19.405
15.523
17.553
5.7579
2.6004
19.268
8.1224
-0.55155
2.8062
11.341
15.784
6.0089
3.7907
4.5324
4.3368
12.859
9.3906
15.916
9.908
-2.0526
-1.8494
8.4858
12.391
11.424
7.6071
5.7864
8.9267
6.214
-1.6958
14.646
5.8965
8.3338
-0.62068
3.8175
8.358
14.497
15.258
1.9788
8.9612
9.736
7.5795
20.144
26.149
19.103
29.506
27.978
39.144
34.749
32.963
27.391
38.933
48.507
39.882
48.978
39.076
40.119
43.391
34.978
42.796
41.075
41.52
30.362
40.384
35.635
41.72
42.999
25.387
28.536
25.827
30.112
26.408
26.487
29.148
23.739
28.627
35.129
22.664
22.143
25.99
28.536
25.367
18.736
22.352
17.15
22.664
19.793
10.957
21.183
23.879
29.078
17.21
20.355
19.437
18.515
17.445
15.309
25.884
20.898
30.559
25.612
23.827
26.888
27.885
23.024
13.512
25.549
26.218
33.94
32.159
23.106
30.464
27.459
37.737
33.947
30.872
36.845
36.465
33.796
34.596
31.537
36.584
26.62
34.244
25.668
32.871
27.484
37.988
30.658
28.204
35.742
24.891
20.487
32.259
22.244
24.443
35.06
34.258
21.151
18.464
19.44
18.868
30.156
33.658
19.055
26.775
19.911
25.937
15.26
11.766
14.274
19.429
24.745
12.67
13.304
20.804
22.184
13.122
14.979
16.154
27.293
15.901
23.814
33.386
18.512
16.697
23.248
16.022
22.64
23.967
26.235
26.499
27.783
25.645
31.559
29.061
21.654
29.108
29.281
30.058
34.461
38.005
40.623
30.118
25.196
32.708
33.556
26.771
31.028
34.287
40.304
32.056
33.591
39.271
20.415
22.122
32.89
22.223
31.931
33.777
30.591
36.084
24.754
24.424
25.006
23.546
20.391
23.463
16.826
16.044
19.665
17.214
12.898
24.019
23.329
10.447
20.012
15.465
8.7088
36.464
18.601
24.347
22.021
21.869
17.037
21.563
27.257
29.548
16.566
21.731
13.245
23.896
29.794
18.799
15.377
29.612
29.783
22.404
33.7
28.817
26.235
31.227
26.469
21.375
33.423
24.927
31.555
26.598
26.299
40.146
32.703
32.923
31.134
32.301
50.615
42.39
30.519
31.118
37.252
20.328
35.378
29.933
29.2
39.95
29.072
29.762
29.263
27.299
22.983
14.804
27.947
15.82
19.686
24.94
18.299
25.516
25.088
20.71
17.991
17.878
27.799
18.744
22.65
24.957
21.456
19.111
21.798
19.544
14.955
17.642
20.414
18.73
18.338
10.506
14.197
23.3
26.363
23.259
18.096
18.451
18.213
17.185
27.177
23.351
27.295
17.434
18.51
34.623
27.605
31.883
28.683
30.886
30.104
27.915
39.035
35.063
30.303
23.734
38.835
33.505
39.623
42.955
42.892
38.337
29.932
23.789
31.991
32.169
23.519
28.488
23.277
18.136
18.696
31.201
27.317
13.159
21.685
20.131
23.816
26.908
16.921
21.778
19.541
21.518
16.216
21.888
17.491
23.348
21.364
20.84
23.029
22.568
14.728
19.134
21.682
13.751
13.032
22.082
16.009
12.742
10.804
17.739
18.048
17.538
17.713
20.322
13.553
23.522
19.844
19.13
20.149
27
14.477
20.743
12.023
30.908
30.951
21.951
26.084
26.218
29.399
39.629
35.668
39.043
38.226
34.214
44.091
34.347
30.837
38.437
39.077
33.081
35.416
33.049
35.705
31.296
37.482
21.673
30.766
19.804
24.843
30.455
28.636
27.163
33.413
37.906
25.503
23.607
27.84
27.647
34.954
22.015
14.911
29.676
19.367
16.755
21.75
18.814
19.666
13.288
17.263
19.543
15.747
10.976
23.488
16.216
17.255
12.886
8.8864
4.5656
9.0594
17.624
2.4825
19.424
11.112
9.2959
5.745
13.868
11.101
14.504
4.5414
6.3205
19.187
13.793
15.763
6.0317
11.732
18.07
17.73
21.043
19.511
27.19
16.179
23.454
24.044
28.444
31.645
29.812
38.348
37.08
42.038
29.069
35.962
43.524
34.467
46.377
42.578
47.518
31.706
29.626
41.45
46.481
46.671
38.238
25.267
31.822
30.079
29.22
31.81
30.199
32.556
24.825
27.073
25.064
15.316
21.162
18.555
22.563
25.873
28.579
22.657
21.165
17.86
21.347
21.243
13.775
21.69
21.996
16.541
23.203
26.403
20.435
18.474
11.258
14.995
19.778
23.364
14.434
12.425
15.67
21.582
9.9537
12.04
8.6013
17.176
14.939
4.3964
3.2603
12.183
16.09
13.008
6.4662
9.9868
12.48
13.347
8.7537
8.5852
11.758
11.128
19.581
10.917
21.112
18.387
13.149
22.194
13.632
22.816
21.54
26.096
34.82
33.682
25.933
33.771
28.468
48.273
40.804
30.755
45.661
37.238
34.74
52.489
41.458
30.677
45.698
36.919
45.041
34.829
37.506
37.457
22.547
35.652
36.069
31.586
40.964
28.995
27.897
30.268
33.013
30.378
25.589
31.419
14.048
22.058
27.6
24.832
21.523
21.421
19.954
14.593
11.996
19.515
25.946
22.918
9.7143
17.057
28.814
21.21
17.663
26.469
15.803
13.513
28.221
22.217
11.685
16.989
14.526
19.228
11.64
20.833
22.712
17.01
19.305
24.915
17.846
22.721
23.892
26.306
30.72
22.576
28.053
27.812
30.954
34.364
28.439
29.771
41.441
36.825
34.94
34.216
37.469
48.541
39.273
37.909
46.846
31.303
32.701
40.684
33.911
33.669
37.629
28.936
23.182
22
31.134
33.969
28.802
23.218
19.772
27.639
24.888
27.392
23.493
16.531
21.173
17.366
39.681
24.9
20.827
14.981
17.273
17.174
10.138
7.829
22.78
22.546
3.2936
18.53
15.046
17.222
24.479
12.722
6.2683
19.921
14.564
1.6989
9.7251
20.385
12.26
9.5347
11.279
22.714
10.808
10.353
10.026
16.036
10.922
14.369
20.43
5.4762
21.429
21.26
22.632
20.278
30.175
19.849
21.173
27.992
31.304
28.76
28.425
38.953
44.906
36.812
39.039
43.376
44.863
38.452
36.44
45.064
41.928
35.846
28.43
33.65
31.774
37.162
33.927
30.464
31.077
28.433
30.293
30.348
24
20.393
22.325
21.834
40.632
21.305
23.535
15.895
31.241
13.015
17.686
24.193
23.12
18.973
14.986
10.329
13.951
8.7634
9.2527
10.091
25.51
14.483
27.217
12.088
15.899
10.686
16.147
20.728
13.907
13.382
6.2747
8.2381
12.424
1.593
20.903
14.645
9.0635
17.077
9.7916
11.253
3.9199
6.7318
13.188
16.536
12.289
1.6696
8.1942
2.2277
14.723
8.3859
14.265
20.823
21.279
17.731
13.811
17.243
29.674
24.172
34.241
21.91
29.317
34.75
35.469
43.885
44.406
44.752
31.65
44.645
43.261
36.258
38.388
36.231
42.282
32.762
40.114
33.898
24.582
24.929
36.759
26.14
34.352
32.689
31.631
23.501
27.462
27.683
24.957
20.249
32.435
18.967
16.596
24.247
14.103
28.029
26
24.378
21.39
20.025
22.982
11.711
10.12
18.548
24.975
18.186
10.136
19.872
13.956
15.623
16.333
13.331
12.167
17.315
16.22
10.816
16.423
13.349
9.876
15.614
17.194
16.053
14.253
10.84
18.297
14.377
23.017
11.696
27.312
29.357
29.041
28.906
27.65
27.311
35.142
27.794
37.228
36.352
36.012
39.389
41.23
39.808
46.77
31.378
40.306
42.321
37.393
34.101
47.011
38.353
25.574
34.479
34.107
26.298
25.397
26.55
32.912
20.266
30.804
35.715
33.367
22.227
23.603
20.022
18.858
25.714
24.463
22.74
25.758
24.681
13.011
16.722
27.4
8.2339
12.85
17.718
18.991
14.573
16.391
7.2277
10.459
9.0876
10.691
12.39
15.924
13.019
23.617
-0.28815
9.4202
12.373
4.6905
14.579
12.897
14.671
18.153
3.8807
10.039
12.215
15.69
12.701
6.5024
13.192
3.9428
21.87
14.524
13.201
10.56
31.544
16.866
23.228
30.819
20.247
25.016
31.585
29.469
32.314
29.267
33.175
37.093
39.762
36.49
45.06
43.031
36.758
32.466
38.395
38.497
28.38
33.082
39.639
32.324
34.193
32.04
31.412
19.733
38.75
34.484
27.676
25.538
36.47
22.066
23.543
11.067
26.2
25.174
16.227
13.833
19.13
18.809
17.999
29.625
22.479
28.897
20.827
11.928
22.451
24.675
12.132
19.057
9.7902
14.293
21.507
14.899
14.123
12.26
7.5358
25.939
12.597
7.4568
8.1602
1.796
12.122
13.426
11.163
13.548
17.037
22.935
12.336
11.368
21.935
17.851
17.959
16.461
16.783
23.566
28.856
25.874
32.632
35.905
37.987
48.788
35.479
40.404
37.814
45.076
53.087
43.283
33.941
42.26
40.68
39.466
31.91
35.504
31.461
36.447
35.948
35.276
25.814
27.207
26.18
19.945
17.967
19.907
18.95
26.42
27.347
25.612
29.978
24.785
23.268
25.438
22.784
15.928
11.244
22.107
17.132
13.263
21.206
31.67
16.633
16.42
13.926
26.781
19.569
14.615
17.03
12.566
17.624
8.9938
6.8673
1.2307
8.7554
12.863
10.715
8.7775
12.942
16.312
11.939
7.7982
6.5015
1.9428
5.4871
8.0274
9.0823
9.533
6.9073
4.0389
1.133
1.045
7.3437
1.1225
5.5869
3.3782
13.227
5.3897
12.994
6.1447
-1.4329
13.009
13.738
12.556
6.992
6.5184
7.4401
13.942
13.958
22.34
15.849
25.321
29.619
28.563
29.677
35.549
32.592
41.087
44.316
38.847
42.393
35.748
38.736
44.503
38.449
41.759
41.869
37.429
37.589
37.698
38.919
28.058
27.557
35.299
28.611
36.337
24.66
38.338
35.716
27.148
20.512
28.209
26.757
18.704
27.186
18.932
33.469
22.403
25.864
35.889
17.524
23.76
24.217
9.4164
24.682
16.479
12.756
18.946
25.976
10.202
25.315
15.612
22.785
18.063
13.294
24.845
19.244
9.8988
17.608
27.847
21.409
24.273
27.03
26.072
24.377
24.642
36.158
24.499
30.051
32.502
27.796
24.407
32.949
33.391
34.273
37.313
39.373
31.764
28.715
28.201
33.662
44.892
38.381
37.555
36.198
41.803
36.138
39.988
37.261
26.624
28.425
28.893
25.876
27.488
30.035
24.802
30.683
19.698
21.674
30.696
15.363
23.41
26.317
24.314
15.3
23.637
10.053
15.366
18.16
20.614
17.66
27.045
17.785
17.864
9.5703
11.656
26.623
10.593
16.1
21.723
15.369
12.361
20.823
21.062
14.948
28.987
17.444
23.53
21.645
18.333
23.217
31.014
17.156
18.114
29.963
26.202
25.112
25.385
29.217
32.921
27.602
33.637
37.248
28.463
38.147
41.264
36.237
36.493
33.228
44.082
30.888
34.303
31.811
29.987
25.022
34.942
27.892
31.337
32.575
31.191
24.045
24.967
30.413
32.463
26.903
30.369
15.422
22.857
21.996
31.236
11.18
28.145
23.473
23.22
23.796
21.138
18.763
11.85
19.465
16.384
17.937
20.698
14.097
26.521
12.604
18.375
14.555
17.401
6.9029
16.332
21.263
12.576
14.907
23.494
22.674
11.571
21.151
18.393
10.553
16.848
24.229
20.286
25.344
21.183
13.868
20.764
24.668
24.49
30.49
24.261
24.427
38.737
44.118
44.514
34.214
33.157
38.533
41.949
39.359
36.634
42.628
40.332
39.607
46.516
27.592
23.822
28.815
43.387
32.004
27.593
26.28
29.743
26.841
21.001
22.253
30.712
28.285
24.881
24.235
33.785
21.817
20.575
30.987
16.739
23.308
21.393
16.128
19.994
23.335
12.986
15.618
17.026
14.088
14.823
10.345
18.377
8.299
16.817
16.274
14.603
18.419
15.26
20.27
15.528
9.5075
12.007
1.1646
10.529
1.8115
10.092
14.85
6.4606
15.31
6.3249
16.989
10.835
14.491
14.193
20.04
30.377
28.605
29.42
31.119
35.327
36.042
31.998
30.351
37.45
37.862
41.59
42.616
39.892
38.495
42.167
35.045
37.68
37.609
29.425
36.543
38.403
31.462
26.951
33.534
34.598
32.787
27.825
31.851
29.594
26.545
23.564
26.12
35.491
20.924
22.95
23.154
19.005
23.699
22.538
28.202
7.3062
20.358
30.024
16.955
13.528
10.738
14.736
18.945
15.196
20.07
13.902
16.403
15.393
18.591
17.607
22.437
13.508
17.177
19.045
19.847
12.657
17.986
12.254
10.526
7.3346
10.916
9.5023
0.96027
22.701
20.082
-0.046834
15.143
6.9714
13.395
11.835
12.751
22.749
7.0618
18.011
24.623
18.762
8.2169
20.959
19.242
19.89
28.596
20.666
18.132
28.381
35.006
41.836
36.855
43.423
35.737
38.614
33.321
43.52
45.772
41.266
33.564
39.995
38.616
34.865
34.816
41.747
33.416
38.846
41.32
31.627
24.632
26.993
32.01
27.112
29.836
22.165
26.986
28.066
19.194
23.304
17.907
21.562
20.368
12.671
22.087
3.9424
19.65
22.726
25.752
14.772
18.075
26.21
13.217
11.094
21.273
15.897
17.321
12.44
17.498
20.115
8.2854
18.205
15.002
11.258
18.366
25.225
16.77
16.641
18.328
21.411
21.499
12.134
23.496
21.508
25.585
17.757
36.679
24.128
23.593
27.074
31.001
24.888
41.136
31.294
41.44
34.511
41.461
37.769
39.627
37.729
32.369
38.665
40.049
33.589
31.99
26.867
37.457
34.778
36.887
34.06
29.543
31.782
31.224
25.712
22.259
25.702
21.685
23.062
31.451
30.308
25.57
22.566
24.458
19.483
24.706
25.1
13.668
7.8348
21.199
18.799
32.961
17.191
17.976
22
14.583
12.001
24.586
26.364
19.017
8.3326
9.2005
6.7777
15.106
6.1428
12.351
13.222
18.554
7.2594
9.5498
7.2944
14.653
12.962
7.5905
12.261
5.334
4.7397
4.033
6.0157
15.027
5.4794
8.6413
3.2044
10.319
6.1493
12.947
20.284
6.3103
16.637
9.7031
12.851
13.035
10.394
21.098
34.227
32.629
40.588
33.844
39.533
50.024
50.432
37.315
42.453
32.74
52.02
58.786
42.023
43.433
31.394
40.757
42.882
39.844
39.685
31.822
44.652
37.273
34.895
36.654
22.705
33.133
25.563
24.712
20.81
31.099
24.277
23.654
20.045
24.737
26.75
13.386
14.072
22.036
36.278
19.059
7.9112
13.267
13.645
26.127
13.217
12.221
16.527
14.989
11.752
21.446
2.5303
14.53
15.104
18.947
23.141
21.104
13.531
17.817
11.946
11.94
32.396
28.308
23.687
10.751
15.75
19.859
23.166
22.254
23.144
24.205
25.264
43.621
30.931
25.905
27.911
37.763
45.964
40.14
43.389
41.199
35.352
40.023
44.151
38.474
35.078
29.866
24.058
30.503
26.126
42.063
34.674
21.689
27.368
28.746
26.097
14.018
31.301
24.745
26.64
16.054
18.038
30.401
25.42
15.145
18.162
23.146
29.044
16.985
25.382
21.544
23.699
22.22
19.088
17.944
22.439
14.997
7.306
15.422
15.458
17.521
13.866
20.22
12.858
21.363
8.5455
11.732
20.273
9.4681
15.228
16.046
25.818
16.176
14.059
13.43
15.261
9.1799
1.4994
19.492
8.5282
15.077
14.156
7.7922
28.526
23.102
25.343
22.166
24.83
22.342
27.918
21.815
21.857
28.967
38.087
51.919
44.19
37.788
37.683
43.659
44.184
44.103
36.768
36.712
34.674
28.345
32.639
38.553
27.246
22.966
34.14
32.21
35.524
25.618
36.541
18.538
20.819
24.874
21.697
20.039
21.914
27.758
22.867
12.168
19.956
23.766
23.595
20.684
17.722
8.7101
20.018
23.116
12.186
7.4332
7.5171
16.417
21.857
18.03
18.451
11.357
18.355
9.0188
15.973
10.106
13.577
2.3861
10.791
13.305
8.7594
17.693
21.672
-1.9325
8.9398
5.0309
12.227
14.737
8.9764
9.8559
13.47
7.6068
9.3939
13.879
20.158
10.051
10.254
20.563
24.781
14.48
23.831
19.856
27.353
26.589
25.327
31.42
37.479
37.809
29.225
43.095
45.465
44.786
36.785
47.347
38.929
32.734
36.334
34.743
39.321
33.743
31.681
30.148
35.057
25.781
33.376
32.993
26.303
18.138
23.873
14.095
33.933
28.268
30.004
23.222
25.103
26.07
26.833
23.699
11.535
7.0619
25.492
14.517
25.253
20.897
22.205
11.332
16.894
24.277
13.664
7.9777
8.9533
8.4256
15.854
12.888
12.537
10.958
14.483
6.547
15.126
16.306
23.589
12.856
10.194
9.6056
21.575
11.892
16.544
24.476
13.583
23.739
26.805
21.135
22.554
27.294
27.28
36.534
30.797
26.942
34.235
39.929
34.29
30.894
34.41
34.367
38.654
35.82
49.261
37.522
35.426
37.235
38.76
30.076
37.744
31.955
38.879
36.883
36.665
24.088
42.148
31.137
26.947
21.014
29.897
32.763
15.047
32.116
24.656
22.771
18.398
19.653
14.93
24.17
15.624
20.909
21.454
21.205
19.469
8.9987
5.4272
16.531
20.447
5.4198
18.069
4.2594
17.91
8.6897
23.615
13.802
21.218
18.429
21.368
8.5352
26.142
8.3047
7.2128
11.688
4.4339
11.699
8.4643
20.143
25.752
9.5108
12.588
3.8379
4.3988
11.313
3.8953
2.4862
8.4748
14.981
10.8
9.0496
11.497
21
28.194
21.489
26.312
30.247
18.277
36.694
35.677
37.705
39.81
35.58
46.462
43.5
38.175
42.947
39.404
43.53
40.215
46.051
34.746
27.394
31.924
34.189
31.109
30.016
36.52
31.085
19.32
17.872
22.967
26.177
19.462
27.212
27.583
24.671
23.349
37.588
28.393
19.992
17.277
23.481
26.133
21.647
18.106
13.423
15.494
13.612
24.081
17.05
24.035
11.2
17.633
20.335
14.69
19.773
6.8991
10.744
13.049
7.3257
18.568
17.42
22.694
18.978
15.56
19.62
12.985
3.3791
29.238
16.241
20.877
27.513
28.849
21.647
24.237
27.612
41.625
26.252
25.286
30.703
28.893
34.049
34.497
36.162
47.082
45.689
37.598
39.546
33.322
33.16
28.853
35.157
29.632
28.711
36.308
34.274
24.566
31.684
25.91
23.557
19.661
24.76
29.579
32.206
22.941
22.181
16.054
35.262
36.809
20.198
17.919
21.563
17.131
16.787
16.764
24.016
24.435
19.933
22.074
15.773
4.7544
13.311
15.198
20.65
10.537
14.006
19.383
17.771
12.248
16.486
6.6411
-0.26245
25.093
19.886
7.492
19.772
18.179
13.967
14.543
8.7723
21.695
11.058
15.815
7.9161
19.423
12.93
9.8018
15.854
13.979
8.1939
21.936
17.876
21.567
24.416
17.212
21.106
29.771
20.668
27.058
33.831
34.143
39.075
35.596
49.724
30.593
42.439
39.142
45.893
39.168
37.927
44.767
37.69
40.842
35.957
29.12
31.986
32.898
32.213
26.892
29.068
33.39
30.257
31.937
32.378
22.89
23.424
23.99
26.874
26.448
12.485
33.215
18.747
18.307
14.205
27.068
13.379
22.483
17.075
7.5779
14.808
14.228
14.807
20.111
12.835
16.298
9.9995
13.45
16.879
20.242
6.3134
14.43
20.614
14.247
17.289
13.128
12.557
15.847
22.387
15.095
14.959
11.436
7.5879
11.312
18.887
20.86
14.008
24.904
23.121
32.532
23.812
26.349
25.341
34.036
26.005
25.883
49.146
35.702
38.333
38.031
48.037
38.784
47.401
35.495
34.625
36.494
31.442
40.985
34.304
33.481
36.568
33.013
32.237
28.511
24.315
21.805
28.563
33.515
25.933
27.729
32.806
20.978
33.558
22.532
21.87
28.106
31.109
30.222
14.431
12.412
21.111
18.819
21.854
17.097
15.601
13.936
17.959
29.377
15.689
9.7548
15.009
12.288
17.416
11.29
19.399
12.299
7.5899
20.772
-0.28523
15.58
18.112
8.9749
9.9436
4.0376
6.1383
20.821
13.302
16.973
9.8456
0.04666
10.861
4.9892
9.6892
7.0623
12.664
5.4805
7.3705
11.98
1.1146
13.684
9.378
5.3198
5.9427
11.866
0.18516
1.6952
11.393
13.042
-0.35716
13.582
6.0899
-2.4191
8.6714
6.7353
5.3645
12.553
12.032
15.912
15.871
25.662
23.875
33.682
24.77
32.631
31.925
36.674
40.484
31.951
41.018
36.984
35.541
48.595
48.67
46.91
43.796
28.347
41.615
40.644
48.518
35.286
30.35
24.21
38.186
29.129
31.739
27.943
22.317
27.736
33.455
27.76
24.545
33.906
27.213
18.843
22.367
15.97
27.48
29.027
20.44
5.6425
15.308
24.043
27.963
9.1883
9.9181
16.861
21.771
19.439
18.92
20.962
22.179
15.269
13.327
22.011
21.031
20.59
23.989
13.106
30.925
25.717
19.159
20.146
22.937
20.05
30.485
22.939
27.947
33.988
21.971
34.373
28.357
40.029
36.247
37.89
23.285
30.685
34.415
37.907
29.045
37.713
34.463
34.752
37.914
29.892
29.337
27.391
33.71
27.701
27.002
36.712
14.056
21.224
37.39
30.513
26.779
23.419
29.01
23.348
25.144
25.166
20.715
25.845
20.529
22.853
19.517
22.987
24.474
26.556
14.479
23.92
19.971
24.936
20.866
20.464
17.833
18.273
18.684
19.058
14.041
16.418
20.945
21.265
18.475
17.91
22.148
20.609
24.461
25.012
15.589
25.642
17.272
19.523
32.435
30.925
23.026
31.009
18.839
36.038
38.709
40.222
34.849
30.911
36.709
44.981
37.762
28.13
34.848
33.635
29.877
32.437
38.687
29.034
30.189
28.018
27.476
29.119
26.947
34.475
21.609
35.194
32.36
19.916
26.333
28.744
16.095
25.073
19.014
19.726
23.18
21.705
25.389
17.29
18.562
18.365
14.779
7.0294
16.088
19.072
17.109
20.817
13.056
18.37
12.055
15.169
15.832
20.696
24.739
20.52
26.837
12.068
15.908
27.912
36.485
18.141
26.234
18.965
31.682
30.8
25.164
31.905
25.548
25.998
30.072
38.513
37.616
31.42
33.273
28.902
29.31
36.113
42.99
41.348
37.551
43.755
32.931
33.615
33.026
33.055
30.577
30.376
32.064
31.6
31.234
20.688
35.773
29.485
25.624
27.518
21.895
16.79
23.072
30.327
14.788
15.889
19.037
22.916
21.398
20.036
19.89
14.162
18.018
19.83
14.773
22.031
30.882
23.963
13.695
20.584
20.234
17.297
20.251
19.798
15.543
19.819
18.935
19.043
20.607
17.874
21.291
9.7443
25.634
18.604
6.117
16.67
21.72
21.293
25.1
31.998
26.943
28.484
35.59
30.957
38.434
