19.723
19.273
18.844
18.435
18.047
17.681
17.338
17.02
16.727
16.462
16.226
16.023
15.856
15.727
15.64
15.601
15.614
15.685
15.822
16.029
16.316
16.689
17.15
17.71
18.381
19.173
20.09
21.131
22.289
23.555
24.913
26.343
27.818
29.311
30.777
32.173
33.461
34.604
35.57
36.331
36.874
37.196
37.303
37.208
36.933
36.506
35.958
35.311
34.592
33.822
33.023
32.212
31.398
30.59
29.793
29.011
28.248
27.505
26.782
26.079
25.396
24.733
24.088
23.463
22.855
22.264
21.69
21.133
20.591
20.064
19.553
19.056
18.574
18.106
17.653
17.214
16.788
16.378
15.981
15.6
15.233
14.882
14.546
14.228
13.927
13.645
13.383
13.144
12.928
12.74
12.58
12.453
12.363
12.314
12.314
12.367
12.484
12.671
12.939
13.297
13.757
14.336
15.046
15.899
16.904
18.07
19.403
20.904
22.564
24.365
26.277
28.26
30.262
32.222
34.072
35.742
37.173
38.322
39.159
39.67
39.864
39.766
39.409
38.835
38.098
37.246
36.316
35.339
34.344
33.351
32.375
31.425
30.504
29.618
28.765
27.947
27.16
26.404
25.676
24.975
24.3
23.647
23.017
22.407
21.817
21.245
20.691
20.154
19.633
19.129
18.64
18.167
17.708
17.265
16.837
16.423
16.025
15.642
15.274
14.922
14.587
14.27
13.971
13.691
13.433
13.197
12.986
12.803
12.65
12.532
12.452
12.416
12.43
12.5
12.635
12.843
13.135
13.521
14.012
14.621
15.365
16.257
17.305
18.515
19.889
21.426
23.118
24.943
26.864
28.838
30.814
32.73
34.519
36.115
37.461
38.518
39.261
39.683
39.793
39.623
39.211
38.597
37.825
36.944
36.003
35.027
34.038
33.054
32.089
31.15
30.242
29.367
28.526
27.717
26.94
26.193
25.473
24.779
24.11
23.464
22.839
22.234
21.648
21.08
20.53
19.996
19.479
18.977
18.491
18.02
17.563
17.122
16.694
16.282
15.884
15.501
15.133
14.781
14.445
14.125
13.823
13.54
13.277
13.036
12.819
12.627
12.465
12.335
12.241
12.189
12.184
12.233
12.342
12.52
12.779
13.13
13.583
14.151
14.847
15.684
16.675
17.829
19.153
20.649
22.308
24.113
26.034
28.035
30.066
32.053
33.928
35.628
37.1
38.296
39.177
39.729
39.958
39.886
39.547
38.988
38.262
37.41
36.474
35.489
34.485
33.485
32.501
31.542
30.615
29.722
28.864
28.04
27.249
26.489
25.758
25.055
24.377
23.723
23.091
22.48
21.888
21.316
20.761
20.224
19.704
19.2
18.712
18.239
17.782
17.34
16.914
16.503
16.107
15.728
15.364
15.018
14.689
14.378
14.087
13.816
13.569
13.345
13.149
12.983
12.851
12.756
12.703
12.698
12.747
12.858
13.039
13.3
13.652
14.103
14.667
15.36
16.193
17.177
18.318
19.619
21.078
22.692
24.442
26.297
28.216
30.153
32.051
33.845
35.472
36.873
38.004
38.837
39.359
39.572
39.501
39.181
38.649
37.947
37.119
36.214
35.267
34.298
33.325
32.365
31.426
30.516
29.636
28.788
27.972
27.187
26.432
25.704
25.002
24.325
23.67
23.037
22.424
21.83
21.254
20.695
20.153
19.627
19.117
18.621
18.141
17.674
17.222
16.784
16.359
15.949
15.551
15.168
14.799
14.443
14.103
13.777
13.467
13.173
12.897
12.639
12.402
12.187
11.996
11.832
11.699
11.599
11.539
11.524
11.558
11.651
11.811
12.047
12.372
12.797
13.334
13.996
14.803
15.77
16.907
18.22
19.712
21.38
23.216
25.192
27.267
29.391
31.503
33.534
35.408
37.052
38.407
39.435
40.114
40.443
40.439
40.146
39.609
38.874
37.992
37.018
36.002
34.964
33.927
32.907
31.917
30.961
30.044
29.165
28.323
27.518
26.747
26.008
25.298
24.615
23.958
23.324
22.713
22.122
21.552
21.001
20.468
19.953
19.457
18.977
18.514
18.069
17.641
17.23
16.837
16.463
16.107
15.772
15.457
15.165
14.897
14.655
14.441
14.259
14.11
14
13.933
13.914
13.948
14.042
14.204
14.443
14.77
15.193
15.722
16.367
17.138
18.042
19.088
20.277
21.609
23.074
24.657
26.33
28.061
29.812
31.526
33.147
34.623
35.911
36.974
37.782
38.319
38.586
38.598
38.376
37.955
37.374
36.671
35.876
35.02
34.128
33.222
32.319
31.426
30.551
29.699
28.873
28.073
27.299
26.551
25.827
25.127
24.45
23.793
23.157
22.54
21.941
21.359
20.793
20.243
19.708
19.188
18.682
18.19
17.711
17.244
16.79
16.348
15.918
15.499
15.091
14.694
14.307
13.931
13.564
13.207
12.86
12.522
12.193
11.872
11.56
11.256
10.961
10.673
10.393
10.12
9.8546
9.5964
9.3453
9.101
8.8635
8.6326
8.4083
8.1904
7.979
7.774
7.5754
7.3832
7.1975
7.0186
6.8466
6.6819
6.5249
6.3762
6.2364
6.1061
5.9865
5.879
5.7857
5.7087
5.6506
5.6149
5.6062
5.6284
5.6867
5.7887
5.9438
6.1636
6.4615
6.8532
7.3563
7.9889
8.7776
9.7501
10.933
12.351
14.028
15.986
18.236
20.773
23.57
26.571
29.694
32.831
35.848
38.588
40.924
42.757
44.019
44.686
44.791
44.4
43.605
42.52
41.248
39.873
38.465
37.079
35.75
34.494
33.322
32.237
31.235
30.311
29.458
28.669
27.938
27.259
26.627
26.036
25.484
24.967
24.484
24.033
23.612
23.221
22.859
22.528
22.228
21.959
21.722
21.519
21.351
21.221
21.129
21.079
21.072
21.111
21.197
21.333
21.522
21.765
22.065
22.421
22.833
23.301
23.822
24.393
25.009
25.662
26.346
27.049
27.762
28.474
29.17
29.837
30.46
31.026
31.525
31.946
32.283
32.532
32.691
32.76
32.742
32.643
32.471
32.232
31.931
31.577
31.178
30.742
30.28
29.801
29.313
28.816
28.315
27.812
27.311
26.815
26.327
25.848
25.379
24.923
24.48
24.052
23.641
23.246
22.871
22.515
22.181
21.869
21.581
21.319
21.084
20.878
20.703
20.562
20.456
20.39
20.364
20.383
20.45
20.566
20.734
20.96
21.244
21.589
21.996
22.464
22.993
23.581
24.224
24.917
25.652
26.419
27.206
28.001
28.79
29.558
30.287
30.963
31.57
32.096
32.532
32.87
33.107
33.242
33.276
33.216
33.069
32.843
32.545
32.184
31.77
31.313
30.826
30.321
29.8
29.268
28.729
28.189
27.65
27.117
26.59
26.073
25.567
25.072
24.592
24.125
23.675
23.242
22.826
22.429
22.053
21.697
21.364
21.055
20.771
20.514
20.287
20.09
19.928
19.801
19.713
19.668
19.668
19.716
19.816
19.971
20.185
20.458
20.795
21.199
21.675
22.222
22.84
23.524
24.27
25.069
25.911
26.785
27.676
28.57
29.445
30.283
31.066
31.777
32.401
32.926
33.339
33.638
33.819
33.885
33.839
33.691
33.451
33.133
32.747
32.305
31.816
31.291
30.739
30.17
29.593
29.011
28.428
27.848
27.274
26.708
26.152
25.608
25.077
24.56
24.058
23.572
23.102
22.65
22.216
21.801
21.407
21.033
20.683
20.355
20.053
19.777
19.53
19.314
19.131
18.984
18.877
18.811
18.791
18.821
18.905
19.046
19.25
19.519
19.859
20.272
20.76
21.328
21.975
22.701
23.502
24.37
25.296
26.267
27.272
28.29
29.295
30.266
31.179
32.017
32.76
33.395
33.905
34.282
34.522
34.626
34.601
34.455
34.201
33.854
33.432
32.945
32.407
31.83
31.225
30.602
29.971
29.337
28.704
28.076
27.455
26.844
26.246
25.66
25.089
24.532
23.991
23.465
22.957
22.465
21.991
21.535
21.098
20.68
20.283
19.907
19.553
19.223
18.918
18.64
18.392
18.174
17.991
17.845
17.739
17.676
17.661
17.699
17.794
17.95
18.169
18.46
18.833
19.293
19.843
20.485
21.221
22.047
22.959
23.952
25.018
26.143
27.306
28.483
29.648
30.775
31.837
32.805
33.653
34.36
34.913
35.303
35.528
35.592
35.505
35.285
34.947
34.508
33.984
33.393
32.754
32.086
31.403
30.708
30.01
29.314
28.624
27.945
27.278
26.624
25.986
25.363
24.756
24.166
23.592
23.035
22.494
21.97
21.463
20.973
20.501
20.046
19.61
19.192
18.794
18.416
18.059
17.725
17.415
17.13
16.873
16.646
16.451
16.291
16.171
16.093
16.063
16.086
16.163
16.304
16.517
16.81
17.192
17.668
18.243
18.924
19.712
20.611
21.622
22.745
23.967
25.274
26.643
28.05
29.462
30.846
32.163
33.372
34.439
35.334
36.037
36.536
36.827
36.916
36.818
36.554
36.143
35.611
34.985
34.294
33.559
32.794
32.011
31.224
30.439
29.664
28.903
28.158
27.43
26.721
26.031
25.361
24.709
24.075
23.459
22.861
22.279
21.715
21.166
20.634
20.117
19.615
19.129
18.658
18.203
17.762
17.337
16.928
16.535
16.158
15.798
15.456
15.133
14.829
14.547
14.287
14.053
13.845
13.668
13.524
13.417
13.352
13.333
13.368
13.463
13.626
13.866
14.193
14.617
15.148
15.798
16.581
17.507
18.582
19.808
21.183
22.7
24.348
26.098
27.911
29.745
31.548
33.266
34.84
36.212
37.34
38.196
38.765
39.046
39.052
38.811
38.363
37.746
36.998
36.161
35.267
34.341
33.404
32.47
31.552
30.655
29.785
28.943
28.13
27.346
26.59
25.86
25.155
24.473
23.813
23.175
22.556
21.955
21.372
20.807
20.257
19.723
19.204
18.699
18.208
17.731
17.267
16.816
16.377
15.951
15.536
15.134
14.743
14.363
13.995
13.638
13.292
12.958
12.635
12.323
12.023
11.735
11.46
11.197
10.949
10.715
10.498
10.297
10.116
9.9569
9.8219
9.7146
9.639
9.5993
9.6012
9.6515
9.7586
9.9321
10.183
10.524
10.967
11.529
12.231
13.089
14.122
15.343
16.766
18.403
20.254
22.309
24.541
26.909
29.352
31.796
34.153
36.319
38.206
39.746
40.889
41.608
41.908
41.823
41.401
40.704
39.809
38.779
37.665
36.514
35.36
34.231
33.139
32.093
31.098
30.155
29.261
28.415
27.613
26.85
26.125
25.434
24.774
24.143
23.54
22.961
22.407
21.876
21.368
20.882
20.418
19.977
19.558
19.162
18.79
18.443
18.122
17.829
17.565
17.332
17.134
16.972
16.851
16.774
16.745
16.77
16.853
16.999
17.215
17.508
17.886
18.354
18.918
19.582
20.347
21.217
22.19
23.26
24.418
25.649
26.932
28.244
29.555
30.834
32.044
33.151
34.122
34.936
35.574
36.027
36.289
36.369
36.277
36.03
35.648
35.154
34.575
33.932
33.241
32.517
31.774
31.024
30.273
29.53
28.797
28.076
27.372
26.684
26.014
25.36
24.725
24.107
23.506
22.922
22.355
21.805
21.271
20.754
20.253
19.767
19.299
18.846
18.411
17.993
17.592
17.209
16.845
16.502
16.179
15.878
15.602
15.352
15.129
14.938
14.781
14.661
14.584
14.554
14.575
14.655
14.801
15.022
15.326
15.723
16.219
16.825
17.549
18.399
19.381
20.497
21.746
23.12
24.604
26.174
27.8
29.45
31.073
32.616
34.032
35.282
36.329
37.147
37.714
38.031
38.107
37.959
37.615
37.109
36.477
35.749
34.952
34.109
33.244
32.375
31.51
30.657
29.822
29.009
28.218
27.452
26.709
25.989
25.291
24.615
23.959
23.323
22.706
22.106
21.523
20.956
20.406
19.87
19.349
18.842
18.348
17.868
17.401
16.947
16.505
16.075
15.657
15.25
14.855
14.471
14.098
13.736
13.385
13.045
12.715
12.397
12.089
11.792
11.507
11.234
10.973
10.725
10.49
10.271
10.069
9.8851
9.7205
9.5774
9.4587
9.3681
9.3106
9.2917
9.3183
9.3978
9.5387
9.7505
10.042
10.429
10.929
11.562
12.344
13.291
14.42
15.745
17.28
19.039
21.024
23.209
25.56
28.025
30.535
33.006
35.341
37.438
39.21
40.593
41.549
42.066
42.165
41.893
41.305
40.472
39.474
38.371
37.21
36.034
34.873
33.747
32.667
31.638
30.664
29.744
28.873
28.05
27.271
26.53
25.827
25.157
24.517
23.906
23.322
22.764
22.23
21.719
21.232
20.767
20.326
19.908
19.514
19.145
18.801
18.484
18.195
17.937
17.712
17.521
17.368
17.257
17.19
17.173
17.211
17.307
17.468
17.698
18.002
18.388
18.865
19.436
20.106
20.875
21.742
22.703
23.753
24.882
26.075
27.309
28.559
29.799
30.999
32.128
33.153
34.047
34.788
35.361
35.757
35.976
36.021
35.908
35.654
35.277
34.794
34.223
33.587
32.906
32.204
31.487
30.761
30.034
29.313
28.601
27.901
27.216
26.545
25.891
25.254
24.634
24.031
23.444
22.875
22.322
21.785
21.266
20.763
20.276
19.807
19.355
18.92
18.504
18.106
17.727
17.369
17.031
16.717
16.427
16.162
15.926
15.721
15.549
15.414
15.321
15.272
15.274
15.333
15.456
15.649
15.919
16.276
16.725
17.277
17.94
18.718
19.619
20.645
21.795
23.06
24.427
25.878
27.391
28.93
30.45
31.907
33.262
34.479
35.523
36.366
36.983
37.372
37.534
37.483
37.24
36.833
36.293
35.649
34.925
34.145
33.332
32.504
31.675
30.85
30.037
29.24
28.462
27.705
26.969
26.254
25.561
24.887
24.233
23.599
22.982
22.383
21.801
21.235
20.685
20.151
19.631
19.126
18.636
18.159
17.696
17.247
16.811
16.389
15.981
15.585
15.204
14.836
14.482
14.142
13.818
13.509
13.217
12.942
12.686
12.45
12.237
12.048
11.887
11.757
11.661
11.605
11.594
11.634
11.734
11.9
12.144
12.477
12.91
13.456
14.131
14.949
15.928
17.075
18.4
19.908
21.593
23.439
25.419
27.5
29.628
31.728
33.727
35.56
37.165
38.485
39.473
40.112
40.406
40.375
40.054
39.495
38.753
37.875
36.905
35.882
34.844
33.811
32.796
31.81
30.86
29.947
29.073
28.236
27.434
26.667
25.93
25.223
24.543
23.888
23.256
22.646
22.057
21.488
20.938
20.407
19.893
19.397
18.918
18.456
18.011
17.583
17.173
16.78
16.406
16.05
15.714
15.399
15.106
14.837
14.593
14.378
14.193
14.042
13.929
13.858
13.835
13.864
13.953
14.11
14.344
14.664
15.079
15.598
16.234
16.996
17.89
18.927
20.111
21.44
22.903
24.485
26.162
27.907
29.672
31.398
33.032
34.527
35.84
36.932
37.772
38.338
38.633
38.668
38.465
38.057
37.486
36.787
35.994
35.136
34.24
33.33
32.422
31.525
30.645
29.789
28.958
28.153
27.375
26.623
25.897
25.194
24.514
23.855
23.216
22.597
21.996
21.412
20.845
20.293
19.757
19.236
18.728
18.235
17.754
17.287
16.832
16.389
15.957
15.537
15.129
14.731
14.344
13.967
13.6
13.242
12.895
12.556
12.227
11.907
11.595
11.291
10.996
10.709
10.43
10.159
9.8961
9.6406
9.3927
9.1524
8.9198
8.6949
8.4779
8.2689
8.0682
7.8764
7.6938
7.5211
7.3593
7.2093
7.0721
6.9494
6.8435
6.757
6.6932
6.6557
6.6494
6.6803
6.7541
6.8785
7.0635
7.3215
7.6669
8.1166
8.6895
9.4064
10.287
11.362
12.658
14.195
15.99
18.051
20.38
22.959
25.74
28.656
31.614
34.502
37.191
39.549
41.47
42.882
43.75
44.078
43.918
43.345
42.443
41.311
40.05
38.725
37.389
36.081
34.829
33.646
32.538
31.505
30.546
29.655
28.825
28.052
27.329
26.652
26.017
25.419
24.856
24.325
23.825
23.355
22.914
22.501
22.116
21.76
21.434
21.139
20.875
20.644
20.447
20.288
20.167
20.089
20.056
20.069
20.133
20.249
20.422
20.655
20.951
21.312
21.739
22.232
22.791
23.414
24.096
24.833
25.615
26.433
27.274
28.124
28.966
29.784
30.56
31.274
31.912
32.46
32.908
33.251
33.484
33.607
33.623
33.539
33.361
33.098
32.761
32.363
31.917
31.434
30.92
30.384
29.832
29.271
28.705
28.14
27.579
27.024
26.477
25.941
25.416
24.905
24.408
23.926
23.46
23.011
22.58
22.168
21.775
21.403
21.053
20.727
20.425
20.151
19.905
19.69
19.508
19.361
19.252
19.185
19.163
19.188
19.266
19.399
19.589
19.844
20.168
20.565
21.036
21.582
22.202
22.894
23.655
24.479
25.359
26.282
27.232
28.193
29.145
30.07
30.946
31.753
32.471
33.083
33.579
33.95
34.192
34.307
34.298
34.177
33.955
33.642
33.248
32.786
32.27
31.713
31.133
30.539
29.934
29.323
28.711
28.102
27.5
26.906
26.323
25.753
25.195
24.652
24.124
23.611
23.115
22.636
22.175
21.733
21.309
20.906
20.523
20.162
19.825
19.513
19.227
18.97
18.743
18.549
18.391
18.271
18.193
18.162
18.178
18.249
18.379
18.574
18.838
19.177
19.593
20.091
20.672
21.339
22.093
22.93
23.845
24.829
25.869
26.951
28.053
29.154
30.23
31.251
32.191
33.027
33.741
34.318
34.748
35.026
35.154
35.139
34.99
34.72
34.347
33.891
33.369
32.793
32.178
31.535
30.874
30.205
29.535
28.868
28.207
27.556
26.916
26.29
25.678
25.081
24.499
23.934
23.384
22.852
22.336
21.837
21.356
20.893
20.448
20.022
19.616
19.23
18.865
18.524
18.206
17.914
17.65
17.416
17.214
17.048
16.919
16.833
16.794
16.805
16.87
16.996
17.192
17.464
17.817
18.258
18.792
19.422
20.152
20.984
21.921
22.957
24.082
25.284
26.544
27.84
29.144
30.426
31.651
32.783
33.791
34.649
35.338
35.846
36.166
36.301
36.264
36.066
35.728
35.271
34.72
34.101
33.429
32.719
31.985
31.24
30.493
29.75
29.017
28.295
27.588
26.898
26.224
25.567
24.928
24.307
23.702
23.115
22.544
21.991
21.453
20.932
20.428
19.94
19.468
19.013
18.574
18.153
17.749
17.364
16.998
16.652
16.326
16.023
15.745
15.492
15.268
15.074
14.914
14.793
14.713
14.68
14.699
14.776
14.918
15.134
15.433
15.823
16.313
16.911
17.625
18.463
19.432
20.533
21.765
23.12
24.583
26.132
27.738
29.366
30.972
32.502
33.909
35.151
36.196
37.015
37.591
37.919
38.008
37.877
37.549
37.058
36.442
35.727
34.943
34.112
33.257
32.393
31.534
30.686
29.855
29.044
28.256
27.491
26.749
26.03
25.333
24.657
24.001
23.365
22.748
22.148
21.565
20.999
20.448
19.912
19.391
18.884
18.391
17.911
17.445
16.991
16.55
16.121
15.704
15.298
14.905
14.523
14.152
13.793
13.445
13.109
12.784
12.471
12.17
11.881
11.606
11.343
11.095
10.863
10.647
10.45
10.273
10.12
9.9921
9.894
9.8288
9.8013
9.8177
9.8856
10.014
10.212
10.493
10.869
11.354
11.962
12.714
13.63
14.725
16.013
17.504
19.205
21.115
23.216
25.476
27.846
30.264
32.649
34.912
36.958
38.701
40.08
41.057
41.616
41.773
41.567
41.051
40.287
39.346
38.296
37.179
36.037
34.901
33.792
32.723
31.7
30.727
29.803
28.928
28.098
27.31
26.56
25.845
25.163
24.511
23.886
23.288
22.714
22.164
21.637
21.131
20.647
20.185
19.745
19.326
18.931
18.559
18.211
17.888
17.593
17.327
17.092
16.89
16.725
16.599
16.517
16.484
16.503
16.58
16.722
16.931
17.217
17.588
18.052
18.613
19.277
20.047
20.922
21.904
22.989
24.167
25.423
26.736
28.083
29.434
30.756
32.013
33.167
34.187
35.043
35.719
36.202
36.489
36.584
36.502
36.259
35.875
35.373
34.778
34.119
33.413
32.675
31.918
31.153
30.389
29.632
28.887
28.156
27.441
26.743
26.064
25.402
24.759
24.133
23.525
22.934
22.36
21.803
21.262
20.737
20.228
19.735
19.258
18.797
18.352
17.923
17.511
17.116
16.739
16.38
16.041
15.722
15.424
15.151
14.902
14.68
14.489
14.332
14.211
14.132
14.099
14.116
14.193
14.336
14.553
14.854
15.247
15.742
16.348
17.075
17.934
18.929
20.065
21.343
22.754
24.283
25.908
27.6
29.322
31.019
32.638
34.13
35.452
36.565
37.434
38.041
38.383
38.469
38.32
37.963
37.438
36.781
36.024
35.196
34.323
33.431
32.537
31.649
30.776
29.924
29.096
28.292
27.514
26.762
26.033
25.329
24.647
23.986
23.345
22.723
22.119
21.533
20.963
20.409
19.87
19.346
18.837
18.34
17.857
17.387
16.93
16.484
16.051
15.629
15.218
14.817
14.428
14.048
13.679
13.32
12.97
12.629
12.297
11.975
11.66
11.355
11.057
10.768
10.486
10.212
9.9459
9.6871
9.4356
9.1914
8.9545
8.7247
8.502
8.2866
8.0786
7.878
7.6853
7.5006
7.3245
7.1577
7.0008
6.8543
6.7194
6.5977
6.4911
6.4022
6.3338
6.2892
6.2726
6.2898
6.3458
6.4475
6.6039
6.8265
7.129
7.5271
8.0391
8.6854
9.4852
10.467
11.66
13.088
14.77
16.721
18.95
21.449
24.186
27.103
30.118
33.124
35.996
38.595
40.793
42.499
43.657
44.252
44.314
43.913
43.132
42.069
40.835
39.506
38.144
36.797
35.5
34.272
33.119
32.047
31.052
30.131
29.276
28.482
27.742
27.052
26.406
25.8
25.231
24.697
24.194
23.723
23.281
22.868
22.483
22.128
21.803
21.509
21.247
21.017
20.821
20.663
20.543
20.464
20.43
20.441
20.5
20.611
20.777
21
21.283
21.629
22.036
22.506
23.038
23.629
24.276
24.972
25.711
26.483
27.276
28.077
28.869
29.64
30.37
31.044
31.647
32.167
32.596
32.927
33.156
33.282
33.309
33.241
33.084
32.846
32.536
32.167
31.75
31.296
30.81
30.301
29.775
29.239
28.696
28.153
27.612
27.077
26.549
26.03
25.522
25.027
24.545
24.078
23.627
23.193
22.777
22.38
22.003
21.646
21.312
21.002
20.718
20.461
20.233
20.037
19.874
19.748
19.661
19.615
19.615
19.664
19.765
19.921
20.134
20.408
20.749
21.159
21.641
22.195
22.818
23.507
24.256
25.059
25.906
26.787
27.685
28.584
29.463
30.307
31.097
31.814
32.444
32.971
33.387
33.686
33.867
33.93
33.882
33.732
33.491
33.17
32.78
32.331
31.834
31.301
30.743
30.173
29.593
29.008
28.422
27.839
27.263
26.695
26.137
25.591
25.058
24.539
24.035
23.547
23.076
22.622
22.186
21.77
21.374
20.998
20.645
20.315
20.011
19.733
19.484
19.266
19.081
18.932
18.822
18.753
18.731
18.758
18.838
18.976
19.173
19.434
19.767
20.176
20.665
21.235
21.886
22.616
23.419
24.29
25.22
26.199
27.21
28.234
29.247
30.231
31.161
32.018
32.778
33.424
33.943
34.326
34.572
34.68
34.656
34.511
34.259
33.914
33.488
32.995
32.448
31.862
31.251
30.627
29.994
29.356
28.72
28.089
27.465
26.852
26.251
25.663
25.089
24.529
23.986
23.458
22.947
22.453
21.977
21.518
21.078
20.658
20.258
19.879
19.522
19.189
18.881
18.599
18.347
18.125
17.937
17.785
17.673
17.604
17.582
17.613
17.7
17.85
18.067
18.357
18.724
19.174
19.713
20.341
21.063
21.879
22.785
23.777
24.842
25.967
27.135
28.326
29.508
30.652
31.729
32.713
33.583
34.316
34.896
35.311
35.561
35.647
35.58
35.371
35.041
34.611
34.097
33.517
32.886
32.219
31.53
30.831
30.128
29.428
28.733
28.049
27.377
26.719
26.075
25.448
24.836
24.241
23.662
23.1
22.555
22.027
21.515
21.021
20.543
20.084
19.642
19.218
18.814
18.43
18.067
17.725
17.407
17.113
16.847
16.609
16.402
16.23
16.096
16.003
15.956
15.96
16.02
16.142
16.332
16.597
16.946
17.388
17.93
18.576
19.332
20.2
21.181
22.275
23.473
24.763
26.126
27.536
28.966
30.379
31.738
33.004
34.136
35.103
35.882
36.458
36.824
36.982
36.946
36.733
36.365
35.865
35.262
34.587
33.861
33.097
32.313
31.52
30.729
29.946
29.176
28.421
27.684
26.966
26.267
25.588
24.927
24.285
23.662
23.055
22.467
21.895
21.339
20.799
20.275
19.766
19.273
18.795
18.331
17.883
17.45
17.032
16.63
16.244
15.874
15.521
15.185
14.868
14.571
14.296
14.043
13.815
13.615
13.445
13.309
13.21
13.154
13.145
13.192
13.3
13.478
13.733
14.077
14.522
15.08
15.763
16.579
17.537
18.645
19.91
21.327
22.89
24.579
26.368
28.22
30.087
31.916
33.644
35.208
36.557
37.651
38.464
38.981
39.205
39.158
38.866
38.366
37.705
36.927
36.065
35.149
34.207
33.257
32.318
31.396
30.499
29.629
28.789
27.979
27.198
26.445
25.719
25.017
24.34
23.684
23.049
22.434
21.838
21.259
20.697
20.152
19.621
19.106
18.606
18.119
17.646
17.187
16.74
16.307
15.885
15.477
15.08
14.696
14.323
13.963
13.614
13.278
12.954
12.643
12.345
12.061
11.791
11.537
11.298
11.078
10.876
10.697
10.542
10.413
10.316
10.254
10.232
10.257
10.336
10.477
10.692
10.991
11.386
11.892
12.526
13.308
14.252
15.373
16.683
18.192
19.906
21.816
23.903
26.131
28.451
30.795
33.088
35.239
37.157
38.769
40.024
40.887
41.35
41.433
41.175
40.627
39.853
38.922
37.887
36.792
35.675
34.565
33.481
32.435
31.433
30.477
29.569
28.705
27.884
27.102
26.356
25.644
24.964
24.311
23.685
23.084
22.507
21.952
21.419
20.907
20.416
19.945
19.495
19.066
18.658
18.271
17.908
17.568
17.253
16.965
16.705
16.476
16.28
16.12
16.001
15.925
15.898
15.925
16.01
16.161
16.385
16.69
17.083
17.57
18.159
18.855
19.664
20.588
21.627
22.778
24.029
25.365
26.765
28.202
29.645
31.049
32.375
33.584
34.647
35.537
36.23
36.712
36.982
37.048
36.923
36.628
36.192
35.642
35.002
34.295
33.541
32.758
31.963
31.167
30.375
29.594
28.828
28.079
27.348
26.637
25.946
25.273
24.62
23.985
23.368
22.769
22.187
21.621
21.071
20.538
20.019
19.516
19.029
18.556
18.098
17.654
17.226
16.813
16.416
16.034
15.668
15.319
14.988
14.675
14.382
14.11
13.861
13.637
13.44
13.274
13.141
13.046
12.994
12.991
13.041
13.153
13.337
13.6
13.955
14.411
14.979
15.671
16.499
17.474
18.602
19.888
21.332
22.923
24.642
26.46
28.342
30.239
32.085
33.818
35.385
36.736
37.829
38.631
39.131
39.336
39.264
38.946
38.425
37.746
36.948
36.066
35.133
34.178
33.222
32.276
31.349
30.449
29.577
28.737
27.926
27.145
26.393
25.668
24.968
24.291
23.637
23.004
22.391
21.796
21.22
20.66
20.116
19.588
19.076
18.578
18.094
17.624
17.167
16.724
16.294
15.877
15.473
15.081
14.702
14.336
13.982
13.642
13.314
13.001
12.701
12.417
12.148
11.897
11.663
11.449
11.257
11.09
10.95
10.841
10.767
10.734
10.746
10.812
10.939
11.137
11.417
11.792
12.276
12.88
13.622
14.522
15.595
16.852
18.299
19.938
21.765
23.767
25.905
28.133
30.391
32.608
34.705
36.597
38.208
39.486
40.395
40.923
41.079
40.901
40.438
39.741
38.866
37.871
36.818
35.737
34.652
33.585
32.549
31.552
30.597
29.686
28.817
27.99
27.2
26.446
25.724
25.033
24.369
23.732
23.119
22.528
21.96
21.412
20.885
20.377
19.889
19.42
18.97
18.54
18.13
17.74
17.371
17.024
16.7
16.401
16.128
15.884
15.67
15.49
15.347
15.244
15.187
15.18
15.229
15.341
15.521
15.778
16.116
16.548
17.084
17.735
18.505
19.398
20.415
21.554
22.811
24.176
25.632
27.151
28.698
30.237
31.728
33.126
34.387
35.472
36.352
37.008
37.431
37.623
37.596
37.374
36.985
36.453
35.805
35.071
34.282
33.466
32.636
31.8
30.969
30.15
29.347
28.564
27.801
27.06
26.34
25.642
24.964
24.307
23.668
23.048
22.446
21.86
21.291
20.738
20.201
19.678
19.17
18.676
18.196
17.73
17.277
16.838
16.412
15.999
15.599
15.212
14.839
14.479
14.133
13.801
13.484
13.182
12.896
12.627
12.377
12.147
11.939
11.755
11.599
11.475
11.386
11.334
11.326
11.369
11.469
11.638
11.884
12.219
12.658
13.213
13.901
14.736
15.728
16.896
18.249
19.79
21.51
23.395
25.418
27.545
29.713
31.855
33.901
35.777
37.411
38.741
39.728
40.358
40.632
40.572
40.221
39.633
38.858
37.946
36.944
35.902
34.849
33.803
32.778
31.786
30.831
29.916
29.04
28.203
27.402
26.637
25.903
25.198
24.521
23.87
23.243
22.638
22.054
21.49
20.946
20.42
19.913
19.424
18.952
18.499
18.063
17.645
17.246
16.866
16.506
16.165
15.847
15.552
15.281
15.037
14.822
14.638
14.49
14.381
14.315
14.297
14.335
14.433
14.6
14.84
15.165
15.588
16.118
16.765
17.535
18.435
19.47
20.641
21.948
23.383
24.925
26.549
28.224
29.909
31.556
33.116
34.536
35.77
36.78
37.545
38.051
38.299
38.303
38.087
37.678
37.111
36.421
35.649
34.819
33.954
33.071
32.187
31.312
30.453
29.615
28.8
28.01
27.244
26.503
25.786
25.091
24.418
23.766
23.133
22.518
21.922
21.342
20.779
20.231
19.698
19.179
18.675
18.184
17.706
17.241
16.788
16.347
15.919
15.501
15.095
14.7
14.315
13.94
13.576
13.222
12.878
12.543
12.217
11.901
11.595
11.297
11.008
10.729
10.459
10.198
9.9462
9.7046
9.4734
9.2528
9.0432
8.8455
8.6606
8.4902
8.336
8.2
8.0849
7.9935
7.9292
7.8973
7.902
7.9493
8.047
8.2045
8.4335
8.747
9.1604
9.6905
10.354
11.173
12.172
13.374
14.797
16.454
18.353
20.498
22.87
25.432
28.123
30.866
33.563
36.103
38.368
40.257
41.701
42.659
43.125
43.13
42.734
42.008
41.034
39.905
38.686
37.429
36.176
34.958
33.791
32.685
31.644
30.667
29.752
28.894
28.089
27.331
26.616
25.941
25.303
24.697
24.122
23.576
23.058
22.567
22.102
21.663
21.25
20.864
20.505
20.174
19.873
19.602
19.365
19.162
18.996
18.871
18.789
18.752
18.766
18.833
18.959
19.148
19.404
19.731
20.132
20.61
21.167
21.805
22.523
23.319
24.185
25.114
26.091
27.103
28.133
29.159
30.152
31.092
31.956
32.726
33.386
33.922
34.324
34.587
34.712
34.704
34.571
34.327
33.986
33.567
33.081
32.543
31.964
31.355
30.728
30.091
29.451
28.811
28.177
27.549
26.932
26.327
25.735
25.158
24.595
24.047
23.515
23
22.502
22.021
21.558
21.114
20.69
20.285
19.901
19.538
19.199
18.885
18.596
18.337
18.107
17.911
17.75
17.629
17.549
17.517
17.535
17.609
17.742
17.937
18.204
18.55
18.983
19.505
20.121
20.83
21.632
22.525
23.502
24.559
25.683
26.853
28.048
29.241
30.407
31.517
32.541
33.452
34.225
34.846
35.301
35.589
35.709
35.671
35.492
35.187
34.772
34.265
33.684
33.049
32.378
31.691
30.991
30.285
29.58
28.881
28.191
27.513
26.85
26.201
25.568
24.951
24.35
23.766
23.199
22.649
22.115
21.598
21.098
20.615
20.149
19.701
19.272
18.861
18.469
18.098
17.749
17.422
17.119
16.842
16.593
16.374
16.189
16.039
15.93
15.864
15.847
15.882
15.977
16.139
16.376
16.695
17.105
17.61
18.216
18.93
19.757
20.7
21.76
22.93
24.199
25.55
26.962
28.407
29.849
31.254
32.577
33.778
34.823
35.686
36.349
36.799
37.037
37.071
36.918
36.598
36.136
35.565
34.911
34.194
33.433
32.647
31.849
31.05
30.258
29.478
28.712
27.965
27.236
26.527
25.838
25.167
24.516
23.884
23.269
22.672
22.091
21.528
20.98
20.448
19.931
19.43
18.944
18.472
18.016
17.574
17.147
16.735
16.338
15.957
15.593
15.244
14.914
14.601
14.308
14.037
13.788
13.563
13.366
13.198
13.064
12.968
12.915
12.909
12.957
13.066
13.246
13.507
13.857
14.308
14.872
15.559
16.382
17.353
18.477
19.762
21.205
22.798
24.521
26.346
28.239
30.15
32.012
33.764
35.351
36.723
37.838
38.659
39.177
39.396
39.334
39.024
38.507
37.829
37.029
36.145
35.208
34.248
33.287
32.337
31.406
30.501
29.627
28.783
27.969
27.186
26.432
25.705
25.003
24.326
23.671
23.037
22.423
21.828
21.25
20.69
20.146
19.618
19.106
18.608
18.124
17.654
17.199
16.756
16.327
15.911
15.508
15.118
14.741
14.377
14.026
13.689
13.365
13.056
12.762
12.484
12.223
11.98
11.756
11.555
11.377
11.226
11.105
11.019
10.972
10.97
11.02
11.128
11.305
11.561
11.908
12.359
12.928
13.63
14.478
15.491
16.686
18.07
19.645
21.404
23.332
25.407
27.587
29.808
32.001
34.095
36.012
37.674
39.02
40.012
40.634
40.889
40.802
40.42
39.798
38.988
38.041
37.01
35.947
34.875
33.813
32.777
31.776
30.816
29.897
29.02
28.182
27.383
26.62
25.889
25.188
24.515
23.868
23.246
22.646
22.068
21.511
20.974
20.456
19.957
19.476
19.015
18.572
18.148
17.743
17.358
16.994
16.651
16.331
16.035
15.764
15.522
15.31
15.13
14.988
14.885
14.827
14.82
14.868
14.979
15.159
15.416
15.755
16.189
16.73
17.387
18.168
19.075
20.112
21.275
22.561
23.963
25.463
27.031
28.632
30.228
31.777
33.233
34.546
35.676
36.593
37.275
37.714
37.912
37.88
37.646
37.239
36.684
36.011
35.251
34.437
33.599
32.747
31.892
31.044
30.21
29.394
28.599
27.826
27.076
26.349
25.645
24.961
24.298
23.655
23.03
22.424
21.835
21.262
20.705
20.164
19.637
19.125
18.627
18.142
17.671
17.213
16.768
16.335
15.915
15.506
15.11
14.726
14.353
13.993
13.644
13.308
12.984
12.672
12.373
12.089
11.818
11.562
11.323
11.101
10.899
10.718
10.561
10.432
10.333
10.269
10.245
10.266
10.339
10.475
10.683
10.975
11.364
11.864
12.49
13.257
14.187
15.297
16.599
18.098
19.798
21.695
23.773
25.994
28.306
30.646
32.94
35.099
37.036
38.673
39.954
40.845
41.337
41.443
41.207
40.681
39.922
38.99
37.95
36.859
35.745
34.635
33.549
32.501
31.496
30.538
29.626
28.759
27.936
27.151
26.404
25.69
25.007
24.353
23.725
23.122
22.543
21.987
21.452
20.938
20.446
19.973
19.521
19.09
18.68
18.292
17.927
17.585
17.268
16.977
16.715
16.483
16.284
16.121
15.998
15.918
15.886
15.907
15.988
16.133
16.351
16.648
17.029
17.499
18.071
18.755
19.556
20.477
21.515
22.663
23.91
25.242
26.64
28.08
29.524
30.934
32.272
33.501
34.585
35.493
36.202
36.701
36.987
37.067
36.953
36.67
36.244
35.7
35.062
34.353
33.596
32.814
32.02
31.222
30.429
29.647
28.879
28.128
27.396
26.683
25.99
25.316
24.661
24.024
23.406
22.805
22.222
21.655
21.104
20.569
20.049
19.545
19.055
18.581
18.122
17.677
17.248
16.833
16.434
16.05
15.682
15.332
14.998
14.683
14.387
14.113
13.86
13.632
13.431
13.26
13.123
13.022
12.964
12.952
12.994
13.096
13.267
13.516
13.853
14.289
14.835
15.505
16.312
17.265
18.371
19.638
21.064
22.639
24.346
26.158
28.046
29.951
31.813
33.572
35.176
36.572
37.715
38.567
39.116
39.367
39.336
39.052
38.557
37.896
37.109
36.233
35.301
34.343
33.384
32.433
31.501
30.594
29.716
28.87
28.054
27.268
26.51
25.781
25.077
24.397
23.739
23.103
22.487
21.89
21.31
20.748
20.203
19.673
19.158
18.658
18.173
17.701
17.244
16.8
16.368
15.951
15.545
15.153
14.774
14.408
14.054
13.715
13.388
13.076
12.778
12.496
12.231
11.983
11.753
11.545
11.36
11.201
11.071
10.973
10.913
10.895
10.926
11.013
11.166
11.395
11.71
12.124
12.649
13.305
14.107
15.071
16.207
17.525
19.034
20.735
22.615
24.652
26.808
29.032
31.259
33.415
35.417
37.182
38.647
39.768
40.518
40.893
40.917
40.628
40.073
39.31
38.405
37.404
36.348
35.271
34.198
33.149
32.133
31.155
30.22
29.328
28.477
27.665
26.889
26.147
25.436
24.754
24.1
23.47
22.863
22.279
21.716
21.173
20.65
20.146
19.662
19.196
18.749
18.321
17.912
17.524
17.156
16.809
16.486
16.186
15.912
15.666
15.45
15.267
15.121
15.014
14.952
14.939
14.982
15.086
15.26
15.511
15.846
16.275
16.805
17.444
18.202
19.088
20.105
21.251
22.519
23.898
25.372
26.919
28.503
30.082
31.615
33.058
34.368
35.501
36.425
37.119
37.575
37.792
37.782
37.568
37.18
36.648
35.998
35.26
34.462
33.632
32.789
31.941
31.098
30.267
29.454
28.661
27.89
27.141
26.415
25.71
25.027
24.363
23.72
23.095
22.488
21.899
21.326
20.769
20.227
19.7
19.188
18.69
18.206
17.735
17.277
16.833
16.401
15.981
15.575
15.18
14.798
14.429
14.071
13.727
13.395
13.077
12.772
12.482
12.207
11.948
11.706
11.483
11.28
11.1
10.945
10.82
10.727
10.671
10.658
10.694
10.787
10.945
11.178
11.498
11.919
12.453
13.118
13.93
14.905
16.055
17.397
18.938
20.674
22.592
24.668
26.868
29.138
31.402
33.585
35.609
37.396
38.873
39.992
40.732
41.091
41.089
40.768
40.186
39.401
38.464
37.43
36.35
35.26
34.178
33.12
32.098
31.119
30.183
29.29
28.44
27.63
26.857
26.118
25.412
24.734
24.084
23.459
22.857
22.278
21.721
21.184
20.668
20.171
19.694
19.236
18.797
18.379
17.981
17.604
17.249
16.917
16.609
16.327
16.074
15.85
15.659
15.503
15.388
15.316
15.294
15.325
15.417
15.576
15.806
16.118
16.523
17.029
17.644
18.373
19.221
20.19
21.282
22.494
23.817
25.231
26.716
28.24
29.77
31.264
32.679
33.97
35.096
36.028
36.744
37.232
37.49
37.529
37.369
37.031
36.543
35.934
35.238
34.484
33.688
32.868
32.038
31.21
30.392
29.588
28.801
28.035
27.29
26.566
25.863
25.181
24.519
23.876
23.251
22.645
22.056
21.483
20.926
20.385
19.859
19.348
18.851
18.368
17.9
17.445
17.003
16.575
16.161
15.76
15.372
14.998
14.639
14.293
13.962
13.647
13.348
13.066
12.802
12.558
12.336
12.137
11.965
11.821
11.711
11.638
11.609
11.629
11.704
11.841
12.053
12.35
12.745
13.25
13.878
14.641
15.553
16.627
17.876
19.311
20.925
22.709
24.64
26.684
28.794
30.913
32.97
34.885
36.586
38.018
39.135
39.907
40.328
40.415
40.199
39.723
39.042
38.211
37.274
36.271
35.237
34.2
33.177
32.18
31.216
30.289
29.4
28.549
27.735
26.954
26.206
25.488
24.798
24.133
23.492
22.875
22.278
21.701
21.144
20.605
20.085
19.582
19.096
18.627
18.176
17.741
17.324
16.924
16.542
16.179
15.835
15.511
15.209
14.93
14.676
14.448
14.25
14.085
13.956
13.867
13.823
13.83
13.894
14.021
14.221
14.503
14.878
15.354
15.941
16.649
17.489
18.468
19.59
20.858
22.268
23.805
25.448
27.168
28.931
30.686
32.373
33.939
35.338
36.529
37.476
38.155
38.559
38.696
38.585
38.255
37.744
37.091
36.331
35.495
34.611
33.704
32.793
31.89
31.001
30.134
29.292
28.477
27.688
26.925
26.188
25.476
24.786
24.119
23.472
22.845
22.237
21.646
21.072
20.514
19.972
19.445
18.932
18.433
17.947
17.474
17.014
16.566
16.13
15.706
15.293
14.891
14.499
14.118
13.747
13.386
13.035
12.693
12.36
12.036
11.721
11.415
11.117
10.827
10.546
10.272
10.006
9.7485
9.4985
9.2563
9.022
8.7958
8.5776
8.3678
8.1667
7.9748
7.7927
7.6211
7.4611
7.3139
7.1806
7.063
6.9634
6.8848
6.8309
6.8061
6.8153
6.865
6.9629
7.1171
7.3378
7.6381
8.0332
8.541
9.1815
9.9776
10.953
12.128
13.534
15.194
17.119
19.31
21.753
24.421
27.265
30.191
33.094
35.862
38.371
40.496
42.148
43.278
43.87
43.949
43.572
42.832
41.822
40.63
39.34
38.013
36.696
35.42
34.206
33.064
31.995
31
30.076
29.215
28.412
27.663
26.961
26.302
25.682
25.098
24.546
24.026
23.537
23.077
22.645
22.242
21.866
21.519
21.201
20.914
20.66
20.439
20.253
20.105
19.997
19.932
19.912
19.942
20.023
20.16
20.353
20.607
20.926
21.312
21.767
22.29
22.881
23.535
24.248
25.016
25.828
26.673
27.536
28.402
29.256
30.08
30.855
31.563
32.188
32.718
33.143
33.457
33.658
33.745
33.724
33.604
33.394
33.101
32.737
32.31
31.834
31.321
30.784
30.233
29.669
29.098
28.525
27.953
27.387
26.828
26.278
25.739
25.213
24.7
24.202
23.72
23.254
22.805
22.374
21.963
21.572
21.201
20.853
20.529
20.23
19.958
19.715
19.503
19.324
19.181
19.078
19.016
19
19.033
19.119
19.261
19.462
19.729
20.066
20.478
20.967
21.533
22.176
22.892
23.678
24.527
25.434
26.383
27.359
28.343
29.315
30.257
31.145
31.959
32.679
33.289
33.776
34.134
34.359
34.454
34.423
34.278
34.032
33.695
33.279
32.797
32.262
31.69
31.096
30.489
29.872
29.251
28.63
28.013
27.404
26.804
26.215
25.64
25.078
24.53
23.998
23.482
22.983
22.501
22.036
21.59
21.163
20.755
20.369
20.004
19.663
19.346
19.056
18.793
18.561
18.361
18.197
18.071
17.986
17.947
17.956
18.02
18.143
18.331
18.589
18.921
19.331
19.823
20.402
21.069
21.825
22.668
23.594
24.593
25.653
26.759
27.89
29.026
30.138
31.196
32.174
33.049
33.802
34.415
34.876
35.18
35.328
35.326
35.185
34.919
34.546
34.087
33.557
32.972
32.345
31.688
31.015
30.334
29.652
28.973
28.301
27.638
26.989
26.352
25.731
25.125
24.534
23.96
23.402
22.86
22.336
21.828
21.338
20.865
20.41
19.974
19.557
19.159
18.782
18.427
18.095
17.788
17.507
17.254
17.031
16.842
16.689
16.575
16.505
16.483
16.514
16.604
16.76
16.987
17.292
17.681
18.16
18.737
19.416
20.2
21.092
22.091
23.191
24.381
25.646
26.964
28.312
29.657
30.965
32.201
