1769.5756 2367382.500000 6.00
1781.7755 2371838.500000 5.50
1800.7789 2378779.500000 5.50
1800.8964 2378822.395833 6.30
1803.2457 2379680.500000 5.50
1803.3963 2379735.500000 5.50
1806.2309 2380770.833333 5.50
1808.4723 2381589.500000 5.50
1812.9394 2383221.125000 7.50
1812.9755 2383234.291667 7.10
1821.0034 2386166.500000 6.30
1825.6660 2387869.500000 5.50
1827.2539 2388449.500000 5.50
1827.7308 2388623.666667 6.00
1829.9151 2389421.500000 6.00
1836.4439 2391806.145833 6.40
1838.4134 2392525.500000 7.40
1840.0479 2393122.500000 6.50
1841.5070 2393655.421528 6.00
1841.5766 2393680.843750 5.80
1852.0014 2397488.500000 7.30
1852.9154 2397822.333333 6.50
1853.0883 2397885.500000 5.50
1853.6715 2398098.500000 6.30
1853.8123 2398149.958333 5.50
1854.4149 2398370.034722 6.00
1855.0379 2398597.604167 5.50
1855.0684 2398608.750000 6.00
1855.5255 2398775.677083 6.00
1855.6549 2398822.958333 5.50
1856.0062 2398951.260417 5.70
1856.1261 2398995.059028 5.90
1856.7250 2399213.812500 5.50
1857.0272 2399324.183333 7.90
1857.0253 2399323.500000 6.10
1857.0253 2399323.500000 5.60
1857.0288 2399324.777778 5.60
1857.0445 2399330.500000 6.30
1857.6745 2399560.628472 6.30
1858.9045 2400009.857639 6.20
1858.9594 2400029.916667 6.00
1860.2061 2400485.291667 6.50
1860.2947 2400517.645833 6.00
1860.8693 2400727.500000 5.50
1861.5072 2400960.507639 5.80
1862.4047 2401288.333333 6.20
1863.4812 2401681.500000 5.80
1864.1563 2401928.074306 6.10
1864.1785 2401936.200694 6.00
1864.3876 2402012.584028 5.80
1865.3962 2402380.972917 5.90
1865.7528 2402511.218750 5.50
1865.7724 2402518.365278 6.50
1866.2350 2402687.341667 5.80
1866.5374 2402797.770833 6.00
1868.4126 2403482.715278 6.00
1868.7151 2403593.204861 5.60
1868.8081 2403627.161806 7.00
1869.7711 2403978.895833 5.60
1869.9893 2404058.579861 6.40
1869.9897 2404058.743056 5.50
1869.9902 2404058.916667 6.20
1870.1337 2404111.341667 5.90
1870.2541 2404155.325000 5.80
1871.1687 2404489.378472 6.30
1871.5110 2404614.379167 5.50
1872.2353 2404878.937500 7.60
1872.2357 2404879.087500 6.80
1872.2574 2404887.010417 6.30
1872.2801 2404895.291667 6.80
1872.3382 2404916.541667 5.80
1873.8965 2405485.708333 6.90
1875.0664 2405913.000000 6.20
1875.7482 2406162.020833 5.90
1875.8753 2406208.437500 6.20
1877.4126 2406769.937500 5.50
1877.5244 2406810.798611 5.50
1878.3537 2407113.684028 7.00
1880.2811 2407817.687500 5.90
1880.8944 2408041.666667 5.50
1880.9705 2408069.482639 5.90
1881.0201 2408087.600694 5.60
1881.0911 2408113.507639 6.00
1881.0916 2408113.708333 5.50
1881.2756 2408180.916667 6.30
1881.3472 2408207.072917 5.50
1882.1804 2408511.406250 5.90
1882.4889 2408624.056944 5.80
1883.2448 2408900.156250 6.00
1883.6797 2409059.020833 5.80
1884.0761 2409203.812500 6.10
1884.2342 2409261.527778 5.90
1885.0862 2409572.739583 6.10
1885.2480 2409631.830556 5.70
1885.2543 2409634.142361 5.90
1885.2675 2409638.937500 5.50
1885.2804 2409643.670139 6.50
1885.7030 2409798.023611 5.80
1887.4222 2410425.950000 6.50
1888.1340 2410685.951389 5.50
1888.3277 2410756.700000 6.20
1889.1053 2411040.722222 5.60
1889.2886 2411107.644444 5.50
1889.3825 2411141.965278 6.00
1889.4695 2411173.750000 6.20
1889.5826 2411215.032639 5.60
1889.6580 2411242.593750 5.60
1889.7487 2411275.722222 6.00
1890.1109 2411408.004167 6.80
1890.3134 2411481.983333 6.30
1890.5678 2411574.902778 6.30
1891.0071 2411735.333333 5.80
1891.5786 2411944.090278 6.00
1891.7803 2412017.769444 5.80
1892.1500 2412152.805556 7.30
1892.3010 2412207.951389 6.60
1892.3073 2412210.238194 6.40
1892.3299 2412218.506250 5.60
1892.4079 2412246.968750 6.50
1892.4546 2412264.059028 5.50
1892.8707 2412416.031250 5.90
1893.2603 2412558.319444 5.80
1893.3813 2412602.524306 5.80
1893.6068 2412684.885417 5.60
1894.5783 2413039.716667 6.20
1894.7494 2413102.233333 6.50
1894.8130 2413125.460417 6.10
1894.8828 2413150.950694 5.50
1896.6296 2413788.979167 6.30
1897.4712 2414096.343056 6.30
1898.2473 2414379.821528 6.40
1898.2883 2414394.796528 6.70
1899.3304 2414775.445139 6.00
1899.4190 2414807.804861 5.60
1899.5136 2414842.340278 5.80
1899.5552 2414857.531944 5.90
1899.5574 2414858.355556 6.40
1899.9836 2415014.017361 6.70
1901.1686 2415446.822917 6.40
1902.3799 2415889.271528 5.50
1902.5703 2415958.789583 5.80
1902.5788 2415961.888889 5.80
1903.2274 2416198.822917 5.90
1903.4416 2416277.050000 6.10
1903.5860 2416329.784028 6.20
1905.3980 2416991.618056 6.10
1905.9779 2417203.432639 5.80
1906.2945 2417319.050243 7.80
1906.2957 2417319.520833 6.20
1906.3077 2417323.881944 6.40
1906.9316 2417551.777778 5.70
1907.7168 2417838.579167 5.80
1908.3202 2418058.951389 5.50
1908.6296 2418171.957639 5.80
1908.8429 2418249.859028 6.00
1909.4752 2418480.808333 5.90
1909.8255 2418608.781250 6.00
1910.1897 2418741.786111 5.80
1910.2108 2418749.507639 6.00
1910.2747 2418772.831250 5.80
1910.3441 2418798.194444 6.00
1910.3687 2418807.157639 6.00
1910.8507 2418983.222222 5.50
1910.8819 2418994.600694 5.50
1910.8897 2418997.474306 6.10
1910.8905 2418997.753472 5.50
1910.9980 2419037.007639 5.70
1911.4974 2419219.416667 6.40
1912.0100 2419406.661111 5.50
1914.1335 2420182.261806 5.60
1914.3104 2420246.856944 6.00
1914.8545 2420445.604861 5.50
1915.0299 2420509.688194 5.70
1915.4734 2420671.665972 6.00
1915.4735 2420671.705556 5.90
1915.8864 2420822.509514 6.60
1916.5977 2421082.318056 5.80
1916.7463 2421136.590972 5.70
1916.8093 2421159.613889 5.50
1916.8594 2421177.882639 5.90
1917.4038 2421376.754167 5.50
1918.3037 2421705.439178 6.80
1918.3291 2421714.688889 5.60
1918.4297 2421751.438889 5.50
1918.5339 2421789.515972 6.50
1919.1271 2422006.164583 5.70
1919.7490 2422233.312500 5.90
1921.6874 2422941.308333 5.50
1922.1875 2423123.973148 6.30
1922.6276 2423284.716667 5.70
1922.6773 2423302.878472 5.50
1923.0578 2423441.877986 7.20
1923.5560 2423623.812801 6.20
1923.8508 2423731.497917 5.50
1925.4237 2424306.001991 6.00
1925.4924 2424331.112685 6.80
1926.1335 2424565.262500 5.50
1926.2542 2424609.338889 5.50
1926.4927 2424696.472917 5.50
1926.4944 2424697.063194 5.50
1926.5633 2424722.248484 5.80
1926.8064 2424811.024387 6.10
1926.8065 2424811.066227 6.10
1926.8130 2424813.452650 5.80
1926.9867 2424876.888194 5.50
1927.0003 2424881.844965 5.80
1927.0004 2424881.884375 5.50
1927.1239 2424926.995833 5.90
1927.7114 2425141.588275 5.50
1927.8414 2425189.077002 7.10
1928.2886 2425352.414757 5.50
1928.6793 2425495.112500 5.50
1928.7537 2425522.292361 5.50
1929.9092 2425944.325694 5.50
1930.0411 2425992.517049 5.50
1930.7259 2426242.623611 5.50
1930.9428 2426321.875000 5.50
1931.1859 2426410.645058 5.60
1931.6881 2426594.069792 5.80
1932.4295 2426864.864144 6.40
1933.1898 2427142.579271 6.40
1933.4822 2427249.364896 6.10
1934.0817 2427468.344803 6.30
1934.4331 2427596.699306 6.00
1934.9954 2427802.077801 6.33
1934.9987 2427803.281748 6.42
1935.0046 2427805.445116 5.80
1937.1025 2428571.695532 5.80
1937.2298 2428618.200718 6.00
1938.6961 2429153.756944 5.50
1938.9219 2429236.237500 5.50
1939.0292 2429275.416667 5.50
1939.4772 2429439.043056 5.50
1940.1036 2429667.837488 5.70
1940.3797 2429768.692130 6.90
1940.9705 2429984.486597 5.50
1941.7035 2430252.196898 6.00
1941.7037 2430252.264803 5.50
1941.7037 2430252.277222 6.00
1941.7554 2430271.175787 6.40
1941.9980 2430359.783843 5.50
1942.8041 2430654.182072 6.60
1942.8051 2430654.576817 5.63
1942.9210 2430696.906042 5.50
1943.6023 2430945.729213 5.50
1945.6215 2431683.247431 5.77
1946.2014 2431895.076123 6.30
1946.5437 2432020.102743 5.51
1947.2722 2432286.165336 6.50
1948.9267 2432890.488380 6.00
1948.9939 2432915.037130 6.00
1949.1153 2432959.378750 5.60
1949.3333 2433038.976227 5.69
1949.8436 2433225.362940 5.66
1950.2153 2433361.140475 5.50
1950.9516 2433630.058553 5.60
1951.0631 2433670.803380 5.95
1951.7664 2433927.674016 5.80
1951.9823 2434006.532569 5.75
1952.5530 2434214.994606 7.50
1952.5531 2434215.003831 5.80
1952.5581 2434216.828681 5.55
1952.5587 2434217.053530 5.51
1952.5648 2434219.298437 5.55
1952.5649 2434219.321794 5.62
1952.5744 2434222.794282 5.72
1952.5804 2434225.006354 5.64
1952.6419 2434247.445405 5.52
1952.8921 2434338.824039 6.00
1954.0854 2434774.688750 5.66
1954.2119 2434820.912812 6.40
1954.9715 2435098.330891 6.50
1955.6758 2435355.584236 5.50
1958.9148 2436538.639780 5.75
1959.2478 2436660.262847 5.60
1959.4746 2436743.107639 6.10
1959.4747 2436743.128171 5.50
1959.5580 2436773.557743 5.80
1960.4286 2437091.554028 5.70
1961.2698 2437398.807824 5.60
1961.2698 2437398.809502 5.50
1962.6429 2437900.311956 5.60
1964.2223 2438477.188137 5.50
1966.4878 2439304.684873 6.00
1966.6973 2439381.195150 6.00
1968.2700 2439955.603449 6.60
1969.7514 2440496.706076 5.60
1969.7516 2440496.763843 5.70
1971.1077 2440992.083808 6.60
1971.1077 2440992.084167 5.80
1971.1077 2440992.085243 5.80
1978.6159 2443734.454769 5.78
1978.7576 2443786.196377 5.80
1979.2016 2443948.380046 5.51
1979.5954 2444092.212060 5.74
1979.7877 2444162.470058 6.51
1979.7886 2444162.790775 5.61
1980.0638 2444263.291759 5.80
1980.3975 2444385.190093 6.10
1980.3975 2444385.201007 6.00
1980.3979 2444385.322801 6.10
1980.3980 2444385.358183 5.70
1980.4005 2444386.290220 5.70
1980.4028 2444387.118704 5.85
1980.4371 2444399.644664 6.33
1980.6836 2444489.692106 5.50
1980.8540 2444551.935799 6.90
1981.3169 2444721.006574 5.90
1981.7467 2444877.995440 5.90
1983.3333 2445457.487940 6.70
1983.3333 2445457.490347 5.70
1983.5527 2445537.611030 5.67
1983.6443 2445571.066991 5.50
1984.3132 2445815.385625 6.15
1984.6917 2445953.635046 6.60
1984.8960 2446028.255845 5.78
1984.8960 2446028.255949 6.10
1984.8961 2446028.300394 5.50
1985.5907 2446282.001331 6.08
1986.2450 2446520.996979 5.61
1986.5158 2446619.889398 6.02
1986.5300 2446625.074398 5.81
1986.5492 2446632.103993 5.77
1986.5520 2446633.112801 6.22
1986.5520 2446633.118854 5.70
1986.5528 2446633.421528 5.60
1987.5797 2447008.497882 5.98
1987.7484 2447070.112731 5.89
1987.8948 2447123.579329 6.04
1987.8961 2447124.052731 6.50
1989.7947 2447817.502951 6.89
1990.1615 2447951.488611 5.67
1991.4883 2448436.113819 5.63
1991.6258 2448486.312269 6.12
1992.3086 2448735.701655 6.15
1992.3155 2448738.254225 7.15
1992.3171 2448738.820602 6.45
1992.3175 2448738.971123 6.60
1992.4901 2448801.998310 7.28
1992.4901 2448802.000521 5.77
1992.4901 2448802.000880 5.70
1992.4904 2448802.113437 5.53
1992.4904 2448802.128819 6.49
1992.4926 2448802.926620 5.72
1992.4931 2448803.089317 5.69
1992.5264 2448815.259907 5.67
1993.3757 2449125.472801 6.11
1993.7211 2449251.645081 5.96
1993.7214 2449251.739988 5.94
1994.0452 2449370.021470 6.65
1994.0452 2449370.022199 5.89
1994.0465 2449370.481597 5.83
1994.6968 2449608.016447 5.88
1995.7193 2449981.477500 5.54
1997.0590 2450470.803657 5.68
1998.9036 2451144.530428 5.52
1999.3677 2451314.057060 5.52
1999.5816 2451392.171088 5.66
1999.7889 2451467.907454 7.12
1999.7890 2451467.916377 5.77
2000.2057 2451620.138843 5.86
2001.0350 2451923.047708 5.53
2001.9370 2452252.483449 5.74
2003.9735 2452996.302731 6.55
2004.7426 2453277.219028 5.97
2007.8292 2454404.628403 5.56
2009.9967 2455196.283993 5.87
2010.0247 2455206.519201 6.51
2010.0954 2455232.347465 5.91
2010.2572 2455291.444919 7.19
2010.2572 2455291.451586 5.70
2010.4523 2455362.685394 5.80
2010.5147 2455385.495521 5.54
