4.6 10.4
4.6 2.5
4.9 1.3
5.2 6.8
5.4 3.3
5.6 3
5.6 3.8
5.6 3.9
5.6 9.2
5.7 14.4
5.7 4
5.7 5.5
5.8 12
5.8 13
5.8 15
5.8 4.4
5.9 3.8
5.9 6.2
6 15
6 9
6 9
6.1 15
6.1 6
6.2 10
6.2 15.8
6.2 16
6.2 5.9
6.2 9.4
6.3 10.2
6.3 18
6.4 13
6.4 19
6.4 19.4
6.4 38.5
6.4 5.3
6.4 6.7
6.5 16
6.5 16
6.5 32
6.5 5.7
6.6 10
6.6 18
6.6 27
6.6 3.2
6.7 12
6.7 15
6.7 15
6.7 17
6.7 26
6.7 30.5
6.7 38
6.8 14
6.8 25
6.8 30
6.8 30
6.8 31
6.8 44
6.8 45
6.8 48
6.9 12
6.9 20
6.9 22
6.9 34
6.9 36
6.9 38
6.9 38
6.9 50
7 20
7 31
7.0 30
7.0 61
7.1 17
7.1 2
7.1 31.2
7.1 40
7.1 41
7.1 47
7.1 55
7.1 57
7.1 65
7.1 65
7.1 80
7.1 80
7.2 15.6
7.2 190
7.2 21
7.2 4.4
7.2 40
7.2 5.5
7.2 58
7.2 60
7.2 85
7.2 89
7.2 99
7.3 15
7.3 34
7.3 35
7.3 35
7.3 48
7.4 270
7.4 4.7
7.4 43
7.4 75
7.5 130
7.5 148
7.5 235
7.5 26.5
7.5 36
7.5 40
7.5 62
7.6 350
7.6 375
7.6 71
7.7 14
7.7 180
7.7 432
7.7 80
7.8 10
7.8 120
7.8 15
7.8 57
7.9 200
8 108
8 80
8.0 250
8.0 90
8.3 297
8.4 230
