-0.18722
-3.6782
-2.5566
-1.5523
-2.4573
-3.1013
-1.853
-5.0187
-3.5018
-2.8171
-1.7828
-3.3371
-4.645
-3.422
-3.7117
-5.233
-8.731
-6.7455
-6.0106
-5.9165
-6.5574
-6.5592
-8.3719
-7.558
-9.2177
-6.6899
-9.9293
-9.7175
-10.024
-11.395
-13.854
-11.156
-12.382
-12.166
-13.428
-14.537
-13.856
-15.642
-11.97
-12.619
-10.88
-10.247
-13.156
-11.954
-12.046
-9.5993
-9.5833
-10.086
-8.641
-6.6016
-6.0694
-5.255
-5.0986
-4.7894
-4.2314
-1.0465
-5.6339
-5.7185
-2.6457
-1.8142
-4.8537
-0.514
-4.287
-0.49477
-0.69868
-0.068955
-1.1096
-1.4516
-6.3522
-0.66202
0.35675
-3.6654
-0.080113
1.1223
1.7912
-1.5134
-3.8867
-1.3988
-2.4651
-3.3576
-3.6963
-2.5931
-1.5281
-3.7286
-2.0929
-2.1493
-2.26
-1.8145
-1.1339
-5.3798
-3.339
-2.1563
-3.8477
-3.3699
-4.9616
-3.9037
-5.3376
-9.1163
-7.955
-4.7892
-8.0339
-8.3061
-8.0646
-8.3526
-12.834
-10.486
-10.809
-6.4249
-12.744
-11.282
-14.547
-14.472
-14.464
-16.9
-15.295
-16.781
-15.09
-14.72
-18.725
-15.957
-15.366
-14.567
-14.457
-10.275
-11.663
-12.267
-11.817
-8.0057
-9.0812
-6.098
-9.3462
-3.7708
-1.1151
-2.6992
-4.1531
-2.7297
-2.9654
-4.0466
-2.5481
-1.0255
-3.0808
0.054601
-0.73123
-1.9016
-0.10918
-1.3169
0.039432
1.7406
3.7642
3.0142
2.0313
2.0824
-0.49848
1.9226
2.8013
1.3563
0.38642
1.7015
1.9928
0.074098
1.2825
3.9691
2.1772
0.62123
2.9677
3.6704
1.2089
5.0999
0.66532
0.9415
5.2253
3.4183
4.8087
3.096
4.285
6.8859
6.0125
7.4456
5.6707
7.6769
9.5499
10.24
8.1827
11.812
10.593
12.042
12.975
12.728
10.82
14.134
14.21
17.096
14.234
12.871
13.361
14.968
13.179
16.355
13.617
14.277
12.998
12.111
9.6527
10.898
7.7011
9.2361
9.0269
6.0199
6.8962
3.6405
5.4492
2.6749
1.3852
-1.1345
0.56136
2.7779
0.22018
1.1961
-0.89266
-0.7202
0.32441
1.1693
-0.2624
-1.098
0.03356
-0.88488
-0.99065
-2.5097
-0.038121
-2.4948
-0.93672
-0.17763
-2.7451
0.33925
-2.8135
-2.969
0.79491
-2.9435
-3.586
-3.8019
-2.7425
-2.3951
-3.5109
-0.18474
0.10476
-2.2005
-2.4415
-5.1295
-4.1527
-3.3414
-5.2286
-6.1495
-7.7603
-3.5355
-6.9322
-5.9883
-4.6461
-7.4095
-9.8671
-5.7449
-8.8585
-10.416
-9.6477
-11.327
-15.474
-12.25
-13.307
-14.87
-13.77
-15.505
-13.507
-13.987
-19.112
-17.429
-15.416
-12.276
-12.263
-14.678
-11.983
-12.494
-13.601
-12.369
-10.339
-9.4485
-9.1396
-7.6619
-5.2971
-4.3703
-5.2395
-4.6116
-0.12364
-2.5581
-1.0058
-2.5423
-2.9143
-2.7206
-0.94125
-0.33911
-0.62264
-0.8217
0.57307
0.53439
-0.60698
-0.2215
3.3394
1.3452
1.6477
1.8865
4.2959
-0.17524
2.1901
1.6104
1.9554
1.8876
1.0796
3.0847
3.733
1.2969
4.1619
2.792
2.3403
3.533
1.021
3.3737
2.4667
4.3813
4.5302
5.1553
4.03
6.2142
4.9388
6.0208
7.0151
7.3632
7.9529
6.6386
7.6094
10.688
8.6858
11.036
11.535
9.2621
12.162
16.581
13.553
14.484
12.483
15.735
15.325
14.827
16.997
12.999
17.226
14.69
11.78
14.923
12.578
9.2042
10.387
8.5716
7.9702
4.3637
7.2156
4.8393
9.1743
5.8167
0.43262
4.2169
3.8426
2.6794
4.2567
0.83336
-0.71116
2.8122
3.5381
2.4268
0.62288
3.4962
3.1238
1.1085
0.51604
-0.21309
-1.9428
-0.31866
-1.3826
-1.544
-0.065273
-0.94136
-0.91261
1.328
-1.1567
-0.52295
-0.25593
-0.65284
0.053354
-0.97983
-1.4693
-1.0735
-3.604
-1.7844
-3.1595
-1.1456
-3.2346
-3.052
-1.9881
-2.2257
-5.0263
-1.838
-4.7552
-6.9259
-5.2161
-6.603
-6.0568
-9.2867
-6.5539
-9.1433
-8.0552
-8.0226
-8.2584
-12.039
-11.761
-13.109
-12.395
-15.542
-11.312
-16.313
-15.045
-15.736
-14.044
-17.803
-16.75
-14.099
-15.784
-14.57
-13.241
-12.465
-8.0045
-14.149
-12.929
-9.7267
-7.2279
-6.7738
-5.9833
-6.0627
-4.8711
-2.303
-4.7781
-4.1752
-1.95
0.31674
-2.8754
-1.9001
0.037052
0.21518
-0.56384
0.19548
-0.14396
2.1039
0.30709
2.9814
-0.46183
2.3656
-0.060683
1.5399
-0.11579
1.8203
2.9475
-0.50191
3.9144
3.9989
1.9451
2.9294
2.1869
1.8348
2.5114
4.6221
1.657
2.4694
4.7962
3.3918
6.2572
7.8697
6.8617
6.3514
6.5383
7.2962
7.2085
5.6879
6.3715
9.3192
7.7841
9.3103
12.257
9.8491
11.364
13.161
12.18
13.094
11.827
11.965
16.443
14.42
14.56
16.231
18.882
14.823
12.983
13.746
15.343
14.67
11.311
11.096
10.98
10.173
10.126
9.1786
6.5815
7.8321
5.0021
5.8174
2.0537
3.7928
5.4199
4.9915
3.1931
2.9049
1.6141
0.26931
1.619
2.6481
4.1062
0.61974
1.5155
0.20311
1.7672
-0.9611
-0.094062
0.16648
1.4888
0.7019
1.3334
0.70267
0.093709
-1.7931
-0.79481
0.57429
-1.1557
1.0303
1.6569
-1.3502
-2.4699
-0.8497
-2.5587
0.10866
0.52626
0.27623
0.28644
2.4731
-1.4741
-2.0781
-0.49144
-0.24885
1.1361
0.5735
-2.2892
-1.8891
-2.7804
-1.9229
-1.4958
-2.8016
0.44012
-0.19837
-1.8557
1.3868
-0.066281
0.14199
0.53484
0.031224
-0.4898
0.4869
-2.3433
-4.9822
-4.6001
-1.8512
-3.4214
-1.9476
0.59586
-3.6335
-3.4425
-2.6821
-4.6152
-4.2513
-3.5897
-3.989
-6.8384
-5.7225
-7.876
-8.8118
-6.3157
-9.8715
-10.869
-12.303
-11.412
-12.155
-12.745
-15.88
-13.292
-16.403
-18.1
-19.192
-20.392
-13.694
-18.447
-17.995
-17.298
-16.571
-15.919
-15.223
-10.28
-9.8866
-9.8759
-6.1155
-7.1252
-5.6888
-3.5672
-3.4366
-1.6838
-3.7611
-2.8945
0.37855
0.20297
-2.3146
-1.7856
1.5297
4.783
3.5416
4.3437
1.6662
2.6332
3.895
2.7035
6.3074
3.3868
4.9945
5.9802
4.8469
6.7543
6.8389
7.8236
3.8983
4.5571
7.2728
8.1494
6.1535
6.2028
8.1512
6.685
5.2104
11.813
5.675
7.9553
12.008
9.7172
12.617
13.174
9.9033
9.3403
10.589
9.8397
9.9268
10.859
10.673
9.7666
10.647
11.482
10.354
10.251
11.149
11.218
10.034
8.9393
8.6887
7.8666
9.8665
7.0798
9.5747
7.7398
5.7878
6.3715
9.0292
8.0372
6.7873
7.5208
6.9321
5.7537
4.7569
5.3635
6.6023
4.9905
4.8207
5.7205
6.2603
5.3598
5.479
5.0814
4.7072
4.582
1.961
3.7883
4.5742
5.1742
6.0025
6.9163
5.7947
5.3604
9.1635
5.2621
5.7417
4.68
7.691
7.8811
11.966
6.375
9.5545
10.977
10.506
8.4916
10.905
9.5045
10.432
9.2494
10.122
9.1221
9.7816
12.018
10.323
11.847
11.109
11.917
12.962
10.778
12.873
11.822
8.9434
11.498
8.7107
10.031
7.9337
10.694
8.0069
6.9325
6.8591
9.1666
5.6675
7.7202
7.6279
5.524
7.7341
3.0832
6.4118
7.8531
5.0522
5.8991
5.7538
3.5055
5.0411
4.878
6.4991
4.5092
4.3344
3.4994
5.8539
4.277
6.3765
3.049
4.0795
4.4998
3.8225
7.0148
6.4578
7.4309
7.8034
4.6263
5.7226
7.2836
10.187
8.5053
8.3391
7.767
5.9538
9.253
10.539
10.343
9.7552
11.843
9.5526
10.967
11.891
10.417
11.421
11.198
13.64
12.44
13.846
11.626
13.034
12.838
11.817
9.387
9.8543
9.7853
13.992
8.7133
8.1414
7.1661
6.2872
7.0063
9.869
6.522
6.048
3.8495
4.495
6.0686
5.9086
6.2021
4.3173
3.5881
4.9048
7.3579
4.5745
2.1576
2.1345
4.9156
4.3866
3.4719
6.9222
5.8082
4.9078
4.5926
4.2658
4.3088
3.58
6.2361
4.3824
3.9212
3.8939
6.0035
6.9086
5.2281
7.4682
6.8474
6.5204
8.023
7.4848
8.5215
8.7311
11.061
9.6724
11.539
10.485
12.259
9.0939
11.262
10.271
13.903
12.766
13.114
13.701
11.813
10.889
9.3764
12.962
11.08
12.709
10.192
10.072
10.699
9.9743
8.9534
8.3097
5.2664
9.544
6.4619
5.7352
6.5333
7.2288
5.4279
3.9107
6.3985
4.795
1.5455
4.2021
4.0132
1.9215
1.9847
6.4561
3.9224
6.8279
1.9112
4.6605
4.4161
3.1691
2.9589
1.9813
2.3447
2.4152
5.0908
3.545
6.4202
4.103
7.4926
5.4239
5.1762
5.3244
6.237
3.8614
6.7122
5.7156
5.7632
3.3245
6.3404
8.6366
10.029
7.7181
9.8817
7.5605
9.6241
11.049
10.322
9.5313
15.058
12.536
13.866
13.522
13.141
16.696
11.686
13.958
11.912
12.261
12.614
12.241
11.259
11.298
10.442
11.023
10.045
9.6597
6.5571
8.0513
6.8391
6.9508
5.7719
6.5656
3.4217
5.965
4.7586
4.603
4.1176
3.2904
6.0014
1.409
2.4555
4.2438
3.1032
4.2608
2.2475
4.1923
1.3984
4.5289
2.4589
6.3661
1.7055
3.914
3.919
0.99985
3.6628
4.3965
2.2394
3.5519
3.6692
2.4901
1.9125
3.1729
8.7752
6.2773
3.779
5.6088
4.3622
7.1847
7.0074
7.3572
8.6881
8.6747
9.3605
9.5048
7.6256
9.9147
10.885
14.356
12.684
13.99
11.153
13.282
11.403
15.902
14.165
11.53
14.227
13.982
12.416
12.869
13.274
13.002
11.801
8.6368
12.057
9.4739
7.9619
7.8308
7.5025
6.8361
7.1566
5.2767
5.8455
6.7848
3.6094
2.1116
3.8765
5.105
3.9403
2.9471
3.5811
3.5385
3.3011
3.3151
2.5329
1.9861
4.1145
-1.3176
3.9972
0.44567
1.5716
1.0043
3.48
4.5734
0.57612
3.9076
1.4413
3.0031
2.1928
1.867
3.2623
1.7888
3.887
3.3834
2.5723
4.4579
3.1833
1.7878
1.9554
3.1193
3.508
5.9424
8.4894
7.1386
5.8039
6.9463
6.4845
6.4515
10.619
8.9908
9.3691
9.2842
10.629
11.168
12.129
14.656
16.233
14.755
14.611
15.034
16.512
17.427
13.293
15.073
14.122
14.462
11.545
12.802
13.732
9.2809
11.257
10.284
8.0504
7.9776
7.3816
6.6042
5.8819
6.488
6.0316
4.1216
2.3918
4.4533
2.7407
3.5825
0.76093
0.61668
1.136
3.7297
2.1059
0.20303
-2.5316
2.2567
1.4039
1.8367
-1.0748
-1.1363
1.1122
0.35378
0.57506
2.1468
3.128
-0.58072
-1.9049
-0.90656
0.42297
-1.5546
-3.2744
0.96648
-3.757
-2.5476
-1.0003
-0.19685
1.9443
-3.8222
-2.9836
-1.0708
-1.4325
-0.62372
-4.5972
0.86525
-4.0508
-3.4014
-2.5391
-3.3464
-4.6106
-2.4423
-2.5171
-1.7326
-7.4424
-5.0968
-2.9512
-4.3872
-7.0531
-5.9297
-8.8926
-10.884
-9.719
-10.884
-6.5049
-12.071
-11.008
-12.756
-15.462
-12.948
-15.785
-16.387
-17.54
-17.517
-18.101
-18.423
-17.246
-19.695
-15.399
-14.379
-12.508
-12.547
-10.268
-8.7349
-11.079
-9.1041
-6.2765
-6.674
-4.6455
-4.4445
-3.649
-2.8792
-1.5689
-0.91839
-0.19957
-2.0896
1.2762
-2.9041
-0.315
-0.23578
-0.0075909
0.66129
-0.29333
2.265
0.72613
1.0026
1.4905
0.54879
1.1588
1.8033
4.5346
2.618
1.3603
1.8827
3.6369
2.6985
4.0476
6.6221
5.6373
4.1553
2.9975
6.9262
5.931
6.7256
3.4379
6.3012
7.0037
7.5902
6.445
7.4256
9.1309
8.3867
10.044
12.207
10.714
9.7546
13.485
12.354
12.191
14.508
15.938
14.159
11.119
14.499
14.137
11.518
14.699
12.689
11.74
10.824
8.7822
10.683
10.674
7.5471
7.8981
5.9702
5.3793
7.2009
2.4838
6.5182
7.3716
5.8574
0.49097
2.4368
4.1595
5.5679
4.2408
2.9075
4.4526
3.7733
3.4745
2.7263
0.69025
0.42066
3.9903
1.0669
5.8233
4.7829
4.5416
1.4085
0.92105
2.4079
2.8542
1.2771
-0.36559
3.1935
2.7762
5.1507
3.3535
3.1385
0.59479
2.1736
1.9392
4.287
5.4699
4.7535
4.0561
6.5575
7.365
7.9635
8.5325
6.5021
8.9368
9.0232
9.9082
10.555
9.145
11.834
13.213
13.681
12.605
12.511
11.537
15.309
14.142
17.854
16.646
14.517
14.203
11.517
12.967
12.517
14.564
14.403
11.002
9.5919
6.7236
5.7567
7.3747
4.7255
5.5043
4.8376
5.1678
3.0385
1.9682
2.5349
2.2922
4.1644
3.6249
1.097
1.6719
2.4492
2.3647
0.082581
-0.21229
1.9129
-0.66943
1.9083
1.153
-0.078454
-0.56234
1.1204
2.9149
2.6704
2.5297
-0.57067
1.0699
2.1848
0.3577
0.7684
0.72992
1.3676
3.4158
-1.7718
1.7782
3.5096
1.1073
1.816
0.18146
3.2854
3.2026
0.70344
2.7256
4.6478
1.1323
2.4753
1.7304
1.9044
3.6861
2.2038
2.7307
5.3255
3.6895
4.2225
3.5827
6.2884
5.6198
3.8925
7.6512
8.0561
9.9939
7.3734
11.028
9.1121
11.694
11.109
9.5176
13.425
10.253
15.442
12.091
14.76
16.564
19.196
18.01
15.59
16.357
16.903
14.854
15.09
14.318
10.962
13.066
10.439
7.9386
9.1568
7.7113
4.0277
5.9639
5.5738
1.5953
3.5149
2.3654
0.19404
1.6096
0.48223
0.32992
1.6723
-2.6907
-1.6466
-2.7041
-1.5498
-2.7278
-2.0259
-1.8836
-2.3392
-3.9971
-2.0685
-1.1976
-3.558
-3.9771
-6.6844
-3.9879
-4.8078
-4.4572
-4.3309
-3.14
-6.0653
-3.953
-6.9762
-5.5078
-5.0895
-6.8211
-7.0203
-9.2591
-7.6704
-7.9564
-7.538
-7.4736
-9.4828
-9.8921
-11.13
-11.688
-7.7662
-12.027
-11.093
-11.434
-13.152
-14.756
-13.777
-13.941
-13.136
-11.953
-11.494
-11.516
-11.626
-12.741
-11.686
-10.567
-7.9205
-5.4641
-9.0131
-10.708
-7.8946
-10.936
-7.9588
-3.818
-5.4066
-3.4368
-5.1291
-8.1225
-4.1072
-2.5502
-5.4503
-1.8987
-1.8883
-1.7931
-2.932
-2.3396
-1.6537
-4.2647
-1.7283
-1.7644
-0.69774
-3.0962
-0.39892
-1.4443
-2.2281
-2.1001
-1.1332
-4.1911
-3.2332
-4.6487
-1.4858
-3.4744
-3.9097
-4.1555
-5.3448
-6.2135
-1.5016
-4.5708
-5.6402
-7.6667
-6.5102
-7.9935
-5.2179
-4.7339
-7.4391
-7.468
-5.132
-9.9479
-8.7641
-9.508
-10.49
-9.0368
-14.497
-13.563
-12.6
-11.367
-10.083
-14.754
-11.943
-13.263
-12.504
-15.41
-15.013
-13.157
-11.556
-12.775
-8.661
-11.975
-10.14
-8.7312
-7.7882
-9.62
-5.0486
-6.344
-5.8706
-7.1477
-4.1573
-3.8915
-3.722
-2.7855
-3.2332
-4.2741
-4.5814
-1.763
-4.4944
-1.6727
-1.3875
-2.667
-4.3015
-3.2484
-2.2483
-0.44699
-1.417
-1.1249
-0.53043
-2.3437
-0.7696
-2.2756
0.89041
-2.2336
-1.9054
-2.8665
-0.28079
-1.1049
-0.37368
-2.4368
-2.5388
-3.2916
-1.4002
-3.0824
-1.0271
0.22105
0.67195
-3.1732
-0.45415
-4.5642
-3.4815
-4.6063
-4.7221
-3.1669
-3.5844
-7.437
-4.6461
-6.6634
-5.4571
-10.603
-8.4196
-8.5719
-10.041
-6.5959
-9.2023
-10.812
-11.822
-13.587
-12.29
-16.645
-15.705
-15.149
-18.472
-14.146
-16.406
-16.775
-14.77
-15.092
-11.158
-13.604
-10.654
-12.247
-11.567
-10.119
-10.141
-9.2273
-6.682
-7.8727
-4.6968
-3.626
-1.4971
-0.56577
-3.1851
-2.374
-0.724
-2.9965
0.56925
-0.17357
-0.020161
2.8383
1.1442
-0.32182
0.17468
0.43561
1.5862
1.7285
-0.42711
2.5758
-2.189
-1.1006
3.6323
1.9562
-0.24944
3.0004
1.1141
5.0212
2.5547
1.6078
2.4988
3.8192
2.7273
3.9344
0.19106
5.8067
3.0887
3.0175
5.1156
4.9097
7.1873
4.8359
2.9267
8.4659
9.6193
9.9726
8.8334
9.9517
6.6148
9.6403
14.047
9.5118
12.223
13.015
15.894
12.079
11.962
15.91
16.617
14.846
14.772
17.315
14.927
13.934
14.144
14.106
11.18
11.226
11.469
9.9598
10.966
6.5484
8.642
6.5974
6.2571
8.8387
2.9025
5.8696
2.2293
1.8555
4.0019
4.6747
0.8465
1.9867
0.064617
1.1732
2.6907
1.2485
1.8255
-0.45173
2.0039
1.4454
-0.66036
-0.91568
-0.55511
-0.78231
-1.1021
-2.1437
-0.66277
-0.14433
1.3514
-0.37557
1.6187
0.68725
2.6368
-1.6955
-2.4935
-0.89743
-2.56
3.398
1.2688
-1.3747
-0.47031
-0.67759
-1.3988
-0.1768
-0.82948
-0.43085
0.14565
-0.020845
-0.15566
-0.21353
-2.7964
-0.94305
-0.53671
-1.2093
-0.63097
-2.2766
-0.24853
0.6254
-0.48581
-4.0349
-2.3796
-0.92394
-1.1925
-2.6705
-1.8807
-3.1601
-2.94
-4.2074
-4.9848
-3.4112
-5.5351
-4.715
-4.8973
-7.1441
-7.2769
-10.251
-8.9854
-6.0964
-10.071
-13.216
-11.71
-11.077
-13.81
-14.452
-16.93
-19.092
-15.337
-17.269
-19.399
-19.749
-16.954
-19.552
-17.339
-15.917
-14.349
-12.365
-14.985
-11.344
-8.9628
-8.7428
-11.392
-8.1792
-7.2953
-5.3177
-5.1626
-2.3645
-0.96936
-3.4164
-0.20567
-0.52967
-0.22862
1.7356
2.3598
2.791
1.7396
0.56808
2.5358
4.85
1.9369
3.8114
5.8747
3.6589
4.6743
3.9642
4.9149
2.5814
6.6058
6.6255
2.5937
6.0778
6.4871
7.7861
6.3156
5.6963
5.6632
9.9184
8.0694
8.2884
6.0843
12.798
8.9252
10.522
9.9333
10.535
13.957
11.782
10.84
12.993
9.927
11.229
9.4613
11.069
11.229
12.114
11.177
11.73
10.989
9.5592
12.352
11.869
10.798
11.306
10.982
11.488
7.2878
7.2938
6.7658
8.7777
5.606
8.1218
5.5025
6.3769
4.5731
7.6565
8.3803
6.3422
3.444
4.9457
6.3478
3.2258
5.0822
5.9019
3.1747
4.0039
3.671
5.3744
5.2529
4.8879
5.4608
5.5527
3.5293
4.3578
6.6512
6.8249
6.864
5.0699
7.3568
7.5212
7.1541
6.9254
5.8403
9.267
8.8652
5.9515
10.049
7.6509
11.814
11.154
8.7289
11.757
12.419
10.619
9.5289
13.176
13.198
11.756
13.874
12.01
12.816
10.859
15.683
13.978
13.27
13.135
10.328
13.511
12.38
9.79
8.4466
8.7496
11.276
6.9892
8.5083
8.034
8.7384
7.7212
5.2418
5.2072
2.8271
3.3916
4.3932
5.1256
5.5609
4.5428
4.0866
5.403
3.9191
4.2309
1.5771
4.0088
1.4363
1.2263
3.3927
3.5362
5.0108
4.9437
4.0611
4.3393
5.7375
4.9204
6.1124
4.2642
6.3889
4.7787
6.6815
6.0597
7.5803
6.4766
7.1239
6.6136
10.448
8.2003
7.215
10.855
11.435
7.6897
10.928
10.973
12.649
11.777
11.715
11.81
13.987
11.305
12.682
12.489
11.284
14.24
13.741
12.69
13.22
9.6738
12.817
11.93
12.817
8.9139
9.1225
8.8958
6.1841
6.2004
8.1293
6.8306
4.7961
4.2063
5.4166
3.6927
4.7796
4.5286
6.6002
4.9486
2.6629
3.6582
0.87729
5.3752
5.6404
3.0987
3.49
1.6975
1.4371
0.17369
0.70505
3.1352
3.3388
-0.93387
5.5897
5.6077
2.752
4.625
5.2047
6.2163
4.9531
1.9782
4.1423
6.3036
7.6114
5.6445
5.1248
4.8281
6.6712
8.5629
10.352
8.0353
10.804
12.343
11.349
10.697
11.656
8.4726
11.415
11.368
12.772
13.248
14.792
13.051
14.455
11.79
15.029
13.945
13.96
10.851
11.661
9.8146
11.516
9.0543
13.694
9.5869
9.2481
8.2958
8.2963
4.9523
9.5581
6.0543
5.4068
1.3895
7.0992
1.2696
2.6326
1.3493
3.1719
2.2628
1.3761
2.1467
2.2193
2.149
0.47214
0.062069
4.4316
0.8814
4.583
4.3019
3.3015
4.3764
3.8596
2.4211
2.8133
2.7153
4.2237
2.8479
4.344
4.5095
4.9292
2.8392
5.0524
3.6287
2.1633
4.5487
7.1618
4.5997
3.9086
6.7772
7.206
7.7069
9.3461
9.6197
10.83
7.5551
9.257
8.0319
12.114
11.608
12.7
11.875
13.16
13.464
15.296
14.849
13.605
17.976
13.936
17.314
14.38
13.806
10.764
12.171
12.384
12.258
9.2794
9.1811
9.7996
5.2127
5.9695
8.2019
4.1908
4.5389
3.0071
6.0266
5.0037
5.0492
4.3336
1.7913
3.6244
0.42164
2.1292
-0.38907
-0.36799
1.6942
3.3654
1.3218
0.86257
-0.25221
0.13571
1.2985
-0.9963
1.9801
0.41301
1.92
-2.5132
2.217
0.86774
3.0354
1.8589
0.89907
-0.67334
2.9191
-0.6731
2.2046
1.9157
0.89134
0.80937
2.7969
-1.7125
1.2955
1.5466
0.55703
0.091841
2.8735
2.5406
-0.026348
3.4776
3.1332
4.5677
5.5612
3.8091
2.6125
6.1109
5.5072
6.7004
7.2361
7.0912
9.2223
9.3765
9.0335
7.7155
9.0482
11.224
11.78
11.184
13.666
15.587
13.774
14.722
15.98
15.604
16.31
18.718
16.797
18.534
14.763
13.419
16.655
13.61
9.658
11.203
8.3933
8.3729
7.853
7.1213
3.0648
3.9313
6.6882
2.8466
3.0893
1.7838
-0.8579
-0.53047
1.8662
0.31802
0.63429
0.88465
-1.1869
0.18369
-1.1248
-2.9105
-0.95046
-1.7754
-0.97994
-0.87825
0.3648
-0.59127
-5.5143
-4.0796
-1.4345
-4.4424
-3.4172
-5.8843
-4.4935
-5.2499
-6.1019
-2.8959
-4.8701
-5.9822
-3.8899
-4.0533
-6.6646
-6.764
-5.281
-6.6728
-8.2035
-7.6792
-10.309
-8.2559
-9.8261
-8.633
-11.644
-11.365
-10.588
-12.928
-12.93
-13.82
-12.415
-11.843
-14.845
-13.917
-13.947
-15.002
-13.723
-14.807
-11.869
-12.657
-9.5479
-9.7882
-8.9724
-8.4411
-9.3954
-10.14
-9.4381
-6.6031
-6.2778
-6.7399
-9.0058
-5.4909
-5.2841
-3.9118
-3.0284
-1.1804
-3.3251
-3.5044
-3.1105
-3.5443
-3.1307
-2.2168
-1.664
-0.58869
-4.6467
0.44261
-1.5448
-0.6053
-2.3384
-1.6177
-1.4109
-3.6355
-3.6872
-2.2637
-1.6706
-3.1704
0.80162
-3.2469
-5.3984
-5.5388
-3.2975
-1.867
-3.9555
-4.9672
-5.4352
-5.6905
-6.5018
-6.7227
-4.8993
-6.5646
-7.7327
-5.7065
-6.7079
-7.2003
-8.6564
-9.8543
-10.791
-10.94
-12.747
-12.23
-10.78
-14.086
-13.855
-13.274
-15.119
-14.268
-15.214
-11.829
-15.136
-17.406
-15.956
-15.672
-14.888
-15.062
-14.428
-12.365
-11.671
-9.986
-7.5309
-4.8183
-5.6368
-6.4596
-8.7366
-3.7985
-7.5577
-3.5198
-4.0626
-4.2519
-4.0265
-1.5149
-0.72338
-0.00077357
2.5777
-1.5903
-1.5409
0.2213
-2.4294
-0.3375
-0.81854
0.83085
-0.66381
0.15844
0.32926
-2.4489
0.14673
-0.96873
0.31512
-2.4082
0.047189
0.59119
-0.85745
0.61026
-0.30242
0.74841
-2.0049
1.4992
-1.2304
-0.58684
-0.99045
0.024439
-1.1276
-1.3118
-0.84971
1.4233
1.8837
-1.6653
2.0321
0.082166
-0.35983
0.47538
-0.7045
-0.67551
-2.0478
-2.5203
-0.74281
1.0064
-0.72343
-0.38577
-0.38366
0.73514
-1.1643
-0.17904
-2.1851
-2.8053
-2.4514
-2.3661
-3.8954
-4.6017
-2.5578
-3.201
-3.3602
-3.8124
-3.7142
-3.3053
-7.6915
-4.6703
-2.6601
-6.5164
-8.7259
-9.1109
-10.739
-11.793
-9.9247
-13.004
-14.19
-14.755
-12.994
-15.592
-17.791
-17.215
-19.841
-13.839
-19.65
-17.874
-17.033
-17.161
-15.681
-13.31
-14.473
-13.106
-10.9
-8.2417
-5.9374
-5.8363
-5.1851
-2.8602
-1.8756
-0.092115
-0.90959
-0.57329
-0.75451
-0.52199
0.64306
-1.0602
2.3916
0.59491
2.8484
2.5466
3.3813
3.5306
3.8762
2.9397
5.627
5.6599
4.138
4.4988
3.6456
5.0486
6.4596
5.7474
7.1937
4.5834
3.8099
5.7316
8.8493
7.1978
7.5886
7.8936
8.6459
7.9223
8.9326
8.2137
6.7198
10.305
8.5201
9.6003
12.474
9.1283
10.765
10.11
12.606
10.976
11.106
10.332
13.504
12.141
10.857
11.141
13.796
10.794
8.0897
7.8721
8.5473
7.8934
12.056
8.6282
8.5964
6.8139
9.1809
5.4342
7.8711
6.3367
3.8812
4.3734
5.0959
6.2318
4.4337
4.8524
4.6173
5.2034
3.4652
5.7386
4.4143
3.634
2.1633
4.4484
3.4291
2.1334
2.7792
5.5222
5.6093
2.2838
3.51
7.0511
3.8081
5.0816
8.0283
5.0727
8.2722
6.2392
7.5504
8.4243
6.8118
9.8432
7.8238
9.5036
8.1405
9.084
10.49
11.331
13.483
12.998
11.848
11.468
12.647
12.537
11.117
13.722
11.769
13.583
12.24
12.724
10.018
13.229
13.219
11.865
10.676
8.4109
9.1521
8.8938
12.371
7.6402
8.1329
7.9242
4.5762
8.5902
7.4687
4.6765
6.0309
6.0568
6.7842
5.1989
5.264
6.6544
4.3691
4.3041
3.8857
5.8086
0.93438
4.3508
5.7862
6.2925
4.3749
2.0505
2.3878
5.2086
3.9964
3.6108
4.1701
6.4328
3.7848
6.4308
4.0274
3.5399
2.1004
8.6596
6.9515
5.7231
6.7671
8.4987
7.1981
8.1493
7.4866
12.464
10.019
11.861
9.4704
10.374
11.003
13.161
8.6784
10.352
13.766
9.6791
12.943
11.158
11.094
14.711
11.375
11.127
12.233
10.345
10.783
10.801
9.428
8.7349
9.8777
9.8507
8.5518
8.2451
5.1588
3.7533
7.3917
6.9184
7.9908
2.1589
4.5467
5.5297
2.1711
5.6222
2.9368
4.369
4.3142
4.8673
2.4919
3.5466
4.2386
3.4682
4.7778
1.6747
4.8611
2.9668
4.1129
5.791
6.2946
2.8555
6.3406
4.9161
2.994
3.3805
4.4089
6.837
4.522
6.0001
7.2492
8.6333
7.9878
7.6156
9.8393
7.1112
9.8263
7.4836
8.9253
9.0702
8.9232
9.9803
13.522
10.245
13.415
13.888
11.074
14.271
11.447
13.065
15.337
16.304
11.658
12.699
12.152
9.3669
10.832
9.6415
11.317
10.481
8.0783
6.9516
6.4078
5.7817
7.2928
7.8002
6.7187
4.9005
5.1708
3.4838
7.2434
3.6506
5.5284
1.7241
3.406
5.7573
5.5594
4.4358
3.2874
2.1205
2.8119
1.6925
0.68188
3.1514
3.8718
1.3383
2.1954
4.8568
6.1712
3.9461
5.3693
4.1953
3.3101
2.2605
2.4965
5.0663
5.5882
5.4516
6.0636
7.3691
7.2375
9.2607
5.6629
5.5683
6.072
8.5465
7.4206
12.396
8.0717
10.289
8.7987
11.087
11.107
13.688
11.02
11.736
14.812
12.71
14.169
16.448
14.738
16.017
14.588
13.521
10.85
9.2848
11.565
9.2993
8.4406
11.63
10.013
9.2808
7.1107
4.8246
7.4324
7.6707
5.5149
4.079
3.3796
3.7394
4.9479
2.382
2.1769
2.515
3.1098
4.5871
2.3506
-0.26173
0.22188
-2.4246
4.0089
1.8892
-0.50326
1.0461
1.0055
2.723
1.384
-0.86081
1.5809
3.7746
1.3433
3.8947
0.48394
0.48159
3.9756
1.8577
-0.099817
3.9468
4.9583
2.3885
2.9086
6.0081
3.1554
3.9035
4.3657
2.217
6.4655
7.7938
5.5959
5.6072
6.7788
6.8701
8.9859
8.692
13.011
9.9549
9.8324
11.092
12.234
11.568
13.12
12.729
14.544
15.494
14.617
15.456
14.26
13.631
13.411
12.088
12.75
14.95
11.252
13.856
9.3471
11.027
8.3201
9.5476
8.1396
7.1547
6.7802
7.2499
4.2993
6.1591
4.1085
5.5212
3.4587
2.6128
1.5392
2.4269
2.0837
1.3687
1.8375
2.1659
-0.80841
1.8197
-2.2361
0.76207
1.0046
-2.2059
-0.002211
-1.8324
0.23153
-0.35063
-0.63314
0.61252
-2.6142
-2.3661
-0.46453
1.4992
-0.018422
-0.60758
0.73949
-2.0805
0.22899
-1.5208
-0.38626
-2.5782
-3.475
0.37949
-1.4443
-2.012
-3.2557
-2.8911
-1.6214
-2.7828
-3.1835
-1.5061
-2.4949
-2.6486
-6.6931
-5.2535
-4.4429
-8.5107
-3.9716
-6.0336
-7.0894
-7.2634
-9.1557
-8.2366
-9.4648
-11.057
-13.254
-13.993
-15.711
-15.524
-15.142
-16.607
-13.89
-16.135
-15.159
-16.141
-16.854
-13.384
-13.247
-13.562
-12.889
-12.439
-12.91
-9.0868
-11.037
-8.2785
-10.232
-8.7438
-7.1302
-2.9515
-6.2352
-5.1128
-2.091
-2.0508
0.55556
-0.72671
1.3972
-0.018227
-1.2605
3.8733
0.13797
-1.8335
0.6638
0.24948
0.54148
4.4194
3.5215
3.371
3.0294
3.3011
5.6965
1.3694
3.913
3.9571
2.3165
0.40758
3.5281
3.1247
1.3361
1.6492
3.311
6.4916
6.269
6.9296
3.697
4.5926
8.1804
6.0151
10.29
7.5148
8.0437
12.237
9.7368
8.7209
7.6294
9.8391
10.273
10.999
11.6
12.004
14.593
14.59
14.784
14.841
15.725
11.923
14.425
13.041
11.975
13.789
10.784
12.85
11.219
11.825
11.777
9.0385
8.2915
7.6563
6.5127
7.9597
6.2966
3.5452
5.8501
4.0711
4.7035
2.6677
5.4896
4.8115
3.2099
0.81521
0.63002
2.4518
1.1299
2.4505
1.3442
2.4487
0.35412
0.33234
1.8551
0.24383
3.082
0.65928
4.2456
0.90264
1.4527
2.2365
4.812
3.8547
1.6209
4.6193
3.153
3.3111
1.6662
3.423
3.0802
4.1355
5.5222
3.0527
3.9982
3.5229
8.2287
7.8044
7.2896
3.9899
7.7035
5.459
8.0102
3.3016
11.161
9.5553
8.875
12.341
11.329
10.235
11.427
13.086
16.528
16.541
13.298
15.368
15.476
16.066
15.483
14.901
11.34
12.385
11.56
12.073
10.414
9.2164
8.9174
9.8983
7.2771
7.0608
5.2042
6.3838
4.6324
4.2762
4.8789
5.4819
3.7643
-1.2767
-0.11629
3.0555
1.4163
4.9056
0.003674
1.6965
1.8628
1.141
1.0476
-1.0496
-0.62947
-0.82386
-1.0227
-2.3816
-2.2355
-0.27181
-0.71896
-0.78111
-0.13283
-3.5646
-1.9074
-0.60866
-0.49565
0.22318
-3.8271
0.095347
-1.1329
-1.7959
-1.5452
-0.67628
-2.4723
-4.008
-0.7279
-1.2783
-0.94441
-2.4231
-2.2919
-3.0353
-5.9959
-5.6707
-3.8053
-5.0753
-6.7376
-5.3834
-9.837
-7.4027
-8.1926
-6.0632
-7.9861
-9.442
-10.206
-9.5903
-11.565
-15.188
-9.9195
-13.735
-15.148
-16.993
-15.604
-15.188
-15.699
-12.529
-18.067
-19.016
-17.395
-16.19
-14.431
-11.451
-11.464
-11.554
-9.8588
-11.385
-7.5624
-9.6928
-3.2455
-5.6141
-6.8056
-4.0109
-2.2781
-5.4375
-1.5613
-3.3258
0.089649
-1.5071
-3.7764
-0.29697
0.52155
0.3763
2.5261
-0.51723
1.7348
0.37002
1.8773
2.7021
3.9121
2.0131
4.1737
2.7812
3.5776
2.2959
1.4818
2.1424
4.3771
2.1745
4.5853
4.6403
0.72201
5.7666
3.4883
4.3801
4.0487
5.7813
6.0818
3.4793
5.9305
7.8771
8.6519
5.6167
9.1236
7.8496
8.1217
11.693
12.555
11.134
11.301
10.728
13.018
15.584
14.761
13.035
13.594
13.323
14.887
15.807
14.905
10.948
14.699
13.912
11.249
11.434
12.467
12.04
8.4817
10.351
12.293
8.8861
8.6701
8.2889
8.5352
4.3675
4.5619
3.0621
4.0596
3.7364
4.1088
0.88817
1.3425
0.73075
5.1408
2.0065
3.2452
0.79466
-0.89247
2.6439
4.4079
0.65968
0.4329
-0.54596
2.2716
0.96538
1.1303
0.24879
-1.8531
-0.38858
-1.519
0.58109
-0.9031
2.7489
1.7908
3.176
2.1584
1.2187
3.0183
1.1047
1.2136
2.6351
1.4705
3.605
4.0525
3.0071
3.1483
1.7181
6.0089
6.7097
5.1726
6.1261
7.0899
6.2452
8.9403
7.9744
8.0792
9.0142
7.1464
8.3356
12.637
10.841
13.979
11.062
12.839
12.786
12.71
18.026
16.419
15.886
16.155
15.217
15.213
15.053
14.17
14.472
15.021
13.588
10.553
10.868
9.6822
10.356
6.7687
6.889
5.5516
6.6018
2.7846
2.4145
4.8214
2.7414
0.24
1.7396
-0.55692
-1.0998
2.0029
1.0973
-0.30574
-1.8476
-0.34111
-1.4217
-0.27422
-0.017483
-0.70304
-1.8245
-4.5671
-3.4557
0.24752
-4.2718
0.54841
-3.0005
-4.0834
-1.3236
-3.3826
-0.39924
-3.7454
-5.149
-3.1534
-5.2736
-3.3461
-3.8907
-6.5779
-4.2592
-4.5991
-3.6588
-7.0678
-5.4249
-6.9124
-7.3758
-6.6484
-7.9213
-10.872
-6.7905
-10.119
-11.015
-10.653
-13.984
-11.626
-15.611
-13.184
-14.154
-14.202
-15.727
-17.243
-16.294
-13.635
-16.001
-13.417
-13.67
-13.024
-11.03
-9.3346
-11.738
-9.9807
-10.292
-7.5277
-8.6247
-6.7148
-6.4099
-4.4281
-6.3678
-3.6793
-5.8003
-4.947
-2.4467
-1.3712
-2.4632
-0.39482
-1.4553
-2.1315
-2.6254
-3.0104
-0.14297
-2.3885
0.75006
-1.9117
-0.78087
-0.89117
-1.9633
-0.85302
-1.8114
-1.8948
-0.33647
-0.41313
0.42375
0.51264
-1.6563
-0.18583
1.0759
-0.78994
-0.24003
-0.48199
0.39242
-2.0554
1.1201
-1.7454
-0.12242
0.62901
-0.74092
0.1442
-0.13127
-2.3178
-1.8325
0.15732
-1.7085
-2.4547
-1.456
-1.2558
-0.96736
-0.23263
-1.0021
-1.6615
-2.2517
-3.5716
-4.0573
-2.9843
-2.6083
-5.4032
-2.7431
-2.1162
-1.7454
-4.8835
-5.4324
-6.3591
-5.3679
-5.5491
-5.2304
-6.536
-9.4416
-10.071
-11.463
-12.405
-16.553
-16.097
-13.53
-15.236
-16.699
-17.575
-19.348
-17.699
-18.945
-15.531
-15.75
-13.803
-11.561
-12.898
-11.512
-9.7448
-7.2909
-7.2014
-9.7546
-6.0554
-2.6571
-2.438
-2.2008
-2.8985
-2.7745
-0.13251
-1.4082
0.24999
0.51568
-0.16896
0.7662
1.7294
0.15404
4.063
5.9312
2.3551
2.1987
4.5461
1.1913
3.0077
3.4989
5.1492
3.1782
4.4513
4.8983
4.9815
4.3814
6.0726
3.4177
4.2886
4.8717
7.266
7.5724
6.0861
7.3343
6.5402
8.0117
9.5282
10.12
9.131
9.785
9.288
10.267
13.431
13.833
9.9593
11.825
14.16
14.814
10.338
11.927
12.627
11.551
9.8698
11.735
11.644
11.718
10.488
10.43
8.5984
8.8317
11.913
9.6525
7.9344
7.8418
9.7347
6.9963
6.0433
6.3737
4.3378
6.3048
4.9774
5.9527
5.9634
2.1472
6.5076
3.8058
2.0285
1.316
2.2814
4.2208
2.781
3.1645
6.2454
3.4002
3.8582
4.4877
6.0822
3.2496
4.7374
3.5243
1.4277
4.9987
3.9569
8.0198
7.5054
6.3026
4.6037
5.6346
8.3717
6.3598
6.3502
4.8903
8.2827
8.9326
7.2423
6.4808
8.3819
11.014
10.496
12.238
12.148
13.324
11.731
14.384
11.788
12.696
10.49
12.391
13.377
14.178
14.743
13.028
13.818
11.601
10.259
11.39
12.168
9.916
10.613
9.116
9.041
9.1324
6.8061
6.8653
5.5553
8.4854
5.2366
5.2669
3.5574
5.824
5.1447
3.0794
6.5842
1.5736
3.88
3.8164
6.1208
2.5177
3.5273
0.58204
3.0614
4.6659
3.87
4.4072
1.7903
6.3112
3.9769
4.2122
2.5984
4.0768
3.5532
5.4721
3.3553
3.7586
5.1028
4.2142
3.5164
4.1508
4.9561
5.8404
8.8728
6.5397
6.3664
5.2842
10.669
8.7207
8.9234
9.8131
10.524
9.9756
10.502
12.805
13.549
12.157
14.793
11.413
14.399
16.824
13.84
13.233
16.093
14.272
11.728
13.612
15.612
14.283
11.914
9.1165
10.411
6.7597
8.8905
6.506
6.5249
4.3018
4.873
6.0878
4.1232
6.2421
5.6187
5.2475
7.5687
4.1274
2.8416
4.5425
2.6119
3.9721
4.5197
2.817
1.3614
2.1111
2.1119
0.70789
1.7202
0.50999
0.24398
0.56383
1.6174
-1.4546
4.4249
4.3725
4.898
1.777
3.7827
2.1365
3.3905
2.9992
3.9374
1.0674
4.5941
3.9346
3.4464
2.9157
4.1907
4.4623
1.7433
5.5813
7.2502
5.4279
6.7157
7.6052
8.0103
10.248
8.0537
9.1212
11.182
12.681
11.737
13.304
12.868
12.082
12.866
14.058
12.02
14.008
15.721
13.727
15.183
17.741
15.161
13.127
16.24
15.867
12.427
13.107
14.499
10.673
11.77
9.419
8.3837
5.0548
6.3483
2.0577
4.0801
4.9971
2.8535
1.1709
0.46435
1.3769
1.9131
2.1125
0.40921
0.38968
-1.2291
-0.43308
-0.60656
-1.6899
0.33268
1.1864
0.35821
1.0982
-0.089745
-0.47246
0.98152
-0.8673
-3.1762
0.91688
-1.5365
-4.5657
0.52119
-1.8437
-1.5901
-3.3305
-2.9005
-3.5174
-3.5021
-1.7489
-0.093109
-3.19
-0.75006
-0.65764
-4.0722
-4.3843
-2.5315
-1.2773
-3.8464
-4.1508
-3.0501
-4.4358
-5.1133
-6.3351
-3.261
-5.2848
-7.2974
-6.929
-7.5437
-7.2769
-11.099
-9.6712
-11.421
-10.86
-11.574
-13.312
-14.411
-13.415
-15.84
-14.895
-16.472
-15.165
-14.588
-15.433
-15.979
-12.84
-13.305
-13.187
-15.353
-11.555
-12.842
-7.1608
-10.881
-6.3838
-7.0356
-5.9712
-6.6272
-2.5049
-3.3328
-3.1708
-0.055831
-3.724
0.90928
-0.6003
-1.2425
0.57397
-0.31013
-1.4908
0.034514
1.776
3.1401
0.0091307
0.05775
0.92772
1.2782
3.7139
3.3598
3.5965
2.2204
3.5802
1.6584
2.4188
2.2662
2.2727
3.6063
6.7768
4.7395
3.3017
4.866
1.9937
5.9556
2.8583
5.4397
7.2729
6.879
6.0134
8.9881
8.8005
5.7192
7.1103
10.451
11.353
9.9304
11.272
12.249
10.918
11.29
12.426
11.976
13.619
12.029
13.101
15.505
15.812
13.363
13.926
15.918
9.8802
12.679
11.012
12.686
10.7
9.9409
10.783
7.3174
10.687
8.183
7.569
5.1285
6.2593
6.4902
6.7581
4.3288
4.1492
4.2858
-0.18391
4.392
3.4268
2.2853
1.2158
1.4997
1.1701
1.9457
-0.15747
0.69598
1.494
1.2908
0.46585
1.7512
1.261
1.016
0.92151
0.45784
1.2552
1.4763
2.101
1.7801
0.30517
-0.74111
0.94366
-0.56844
-0.11929
0.0099454
3.4096
2.1288
0.69865
1.5482
2.0259
2.6544
2.8886
3.6271
2.0204
2.9229
1.0875
4.7609
4.2784
6.0743
4.549
3.5171
2.2414
7.2377
8.6766
3.6214
7.476
7.5027
7.9897
6.6804
9.5783
10.247
7.65
11.812
12.629
11.313
14.443
16.059
12.053
15.157
16.089
18.029
16.529
16.588
15.662
13.195
15.542
11.909
12.837
11.785
10.704
8.98
7.2624
7.0074
6.8382
5.0792
2.227
6.3233
6.8251
0.48799
1.0391
0.45807
2.4696
-1.1336
0.38021
0.25485
0.22027
1.4704
1.2624
-2.6989
-0.48828
-3.4871
-0.85252
-1.7831
0.71309
-2.0779
-3.0593
-2.3208
-6.5711
-2.9819
-6.3935
-2.359
-5.6955
-4.0237
-3.314
-3.7086
-5.2019
-6.0193
-2.6354
-3.2476
-5.7108
-6.6825
-5.9232
-8.6724
-7.763
-6.1815
-8.2528
-6.9682
-12.125
-12.598
-13.953
-12.323
-11.85
-9.5225
-11.962
-13.116
-10.71
-12.08
-14.001
-15.404
-12.089
-14.339
-14.213
-12.711
-12.688
-13.175
-13.055
-10.406
-9.9394
-11.357
-9.0705
-12.871
-8.8751
-6.6903
-5.865
-6.378
-5.5361
-7.3666
-5.8354
-6.2516
-5.0046
-4.3164
-0.87704
-4.2457
0.73015
-2.0084
-4.5463
-2.8628
-2.6246
-3.5531
-2.7998
-0.82832
-2.0649
-0.21371
-1.5597
-2.5029
-1.2055
-1.4006
-4.1285
-0.74759
-1.9801
0.21873
-0.65568
-0.63086
-1.8204
-5.0672
-2.396
-3.3166
-2.4789
-2.7729
-0.45066
-3.9507
-4.9548
-4.0688
-4.8005
-2.3634
-4.3749
-6.7423
-3.7342
-6.9665
-6.0063
-8.5443
-6.1871
-8.6981
-5.0524
-9.858
-9.9467
-8.6884
-11.226
-13.027
-13.664
-13.37
-13.946
-13.014
-13.766
-14.407
-15.6
-14.781
-13.623
-13.251
-14.294
-14.468
-15.455
-14.245
-12.987
-11.129
-11.306
-12.256
-8.8398
-7.806
-6.5517
-6.3607
-7.6803
-4.9435
-6.5039
-2.0119
-1.3968
-2.9885
-0.93733
-2.0075
-2.1189
-0.063734
-1.8828
-1.1113
-0.27729
-3.1852
-0.33666
-0.28064
0.26566
1.2417
-0.16621
1.1875
0.29223
-0.92682
0.54713
-1.1294
-0.24283
-0.011847
2.5953
-0.38829
0.69679
0.64337
2.6293
1.7858
0.25905
1.1509
7.1616
0.50471
5.2946
1.402
2.5641
2.3734
2.781
2.8912
2.6072
2.5054
2.1242
4.9011
3.9794
3.0411
3.3019
6.1794
5.2217
9.3069
6.6663
5.9998
9.9419
8.4322
8.1171
10.659
10.792
10.381
12.817
13.898
15.084
13.155
15.76
15.126
15.343
14.521
16.488
14.727
17.394
16.475
12.322
15.088
12.443
13.671
11.218
11.897
6.4359
9.9737
8.503
4.3474
5.4243
5.3298
1.1615
3.9316
1.6213
2.2383
2.9982
1.0816
-0.018156
0.98056
-0.12374
1.134
-3.5204
0.88601
0.30028
-2.645
-0.15095
0.36065
-0.88388
-1.3742
-3.7172
-0.74333
-1.381
-0.82667
-4.1958
-2.6943
-3.2568
-1.9095
-1.9211
-4.5551
-3.5719
-5.0923
-3.6523
-1.7515
-4.1994
-7.4797
-6.4763
-7.1235
-5.9246
-3.7084
-5.1685
-6.6679
-5.8643
-9.2535
-8.9407
-8.0021
-10.969
-9.2768
-10.043
-11.719
-12.794
-12.016
-14.071
-14.652
-12.714
-14.424
-12.828
-17.677
-12.805
-14.643
-14.206
-16.903
-10.195
-14.219
-13.728
-11.123
-10.031
-8.8056
-9.2568
-7.5208
-8.9878
-7.29
-6.8139
-8.1404
-6.3019
-3.9649
-3.288
-4.554
-1.3205
-3.5878
-4.6666
-2.8772
-4.1664
-1.4046
-2.1734
-0.4198
0.20081
-3.0793
-0.40012
-0.39253
-0.56339
0.81753
0.28438
0.60963
-0.92047
-3.4696
-2.5481
-3.028
0.80453
-2.3983
1.5777
-1.0458
-2.4355
-3.6421
-3.9383
-2.452
0.11466
-1.0649
-1.1281
-2.1284
-2.8169
-0.79102
-4.5679
-5.3725
-2.2955
-4.5687
-2.852
-3.248
-4.2275
-3.3543
-4.4674
-8.205
-2.943
-6.6324
-4.3926
-4.0365
-10.711
-9.8132
-7.1663
-9.5354
-10.167
-8.8391
-11.533
-10.473
-14.267
-13.698
-14.027
-14
-13.749
-16.017
-17.301
-15.284
-16.191
-15.962
-15.903
-17.53
-13.165
-13.975
-11.219
-13.096
-9.6173
-11.604
-7.3653
-7.6444
-5.5251
-4.6473
-4.8586
-4.7299
-2.1428
-2.6004
-4.6278
-2.8296
-2.3093
-0.41437
-1.7548
-1.5293
0.6223
-0.23916
1.2166
1.263
2.3061
1.2931
2.3229
5.611
1.7589
1.1402
0.39275
2.6897
2.9
3.6896
1.7139
4.898
3.3347
2.7044
2.199
6.9561
3.2513
2.89
3.2008
5.3994
6.4054
2.4825
5.69
5.5982
2.8391
5.8885
11.038
6.7446
7.4026
8.7402
9.0665
9.712
10.111
9.4649
11.961
11.037
11.69
12.816
12.608
16.128
13.113
15.462
14.754
12.847
13.482
14.293
14.176
16.147
13.406
12.324
11.624
9.9242
10.757
10.104
4.9552
7.0395
4.7073
5.0633
5.36
4.4131
3.6936
3.9604
4.7721
3.8435
3.2282
0.57798
1.6015
2.5178
1.805
2.6815
1.5702
2.6348
1.2315
4.1918
0.15803
1.3168
-2.0398
-0.76382
2.2131
3.1195
0.76612
1.2027
2.4227
2.4348
1.1707
0.78365
3.0309
0.80697
0.69319
2.4763
1.8443
2.4532
1.8618
3.3894
4.6088
3.0423
4.4719
4.2128
3.3858
2.0782
4.8642
4.4927
8.4419
6.2751
3.6588
5.0584
7.2275
8.0238
5.5751
10.462
10.692
10.54
11.765
10.174
10.959
12.098
12.872
13.757
15.585
12.557
14.555
16.57
15.057
15.192
15.384
12.796
16.85
15.388
12.769
9.9383
9.8584
8.5711
7.7999
6.1414
8.1602
9.1098
6.1526
5.321
3.8064
3.8094
2.2676
5.2319
0.56319
0.75938
-1.082
1.9027
-1.2159
0.73503
2.504
1.4539
-0.53817
-0.49329
-0.76272
2.8491
-2.4484
1.6355
-2.8067
-3.0052
-1.1939
-0.34366
-3.3066
-2.7124
-4.7856
-2.011
-0.9469
-0.00017516
-5.4094
-1.6266
-1.6715
-3.0383
-2.8868
-5.2812
-2.0529
-4.0995
-2.0598
-3.6935
-6.142
-6.8747
-5.3569
-4.8765
-5.3064
-6.7872
-6.397
-9.192
-10.857
-9.8779
-10.299
-9.1249
-8.0221
-9.7885
-10.332
-12.097
-14.865
-13.329
-15.596
-15.3
-16.808
-17.594
-12.343
-14.268
-15.477
-14.917
-11.426
-11.281
-12.286
-11.325
-8.9996
-6.4437
-9.535
-7.8649
-7.5008
-6.7838
-6.0099
-2.9872
-3.8445
-3.9179
-2.4918
-3.2238
-1.4615
-2.3429
-2.1495
-1.6869
-0.84371
-3.225
0.53608
-2.5788
-0.4961
1.6446
-1.0043
-2.6651
0.73108
0.59254
0.71709
-0.23427
-0.052352
0.19956
-1.2034
1.7087
0.28255
0.98369
1.4719
2.2703
0.98102
-0.86865
0.93493
1.0375
0.43926
1.6062
-1.6161
-1.8338
0.12221
1.7481
-0.29886
1.9014
-1.2694
-0.77781
1.9853
-0.75171
2.0772
1.7974
0.67908
1.2362
0.72654
0.41746
-0.21345
1.2264
1.9682
1.8946
2.6868
2.2276
0.15972
1.1742
1.1728
3.6479
2.839
5.0817
3.4307
6.8318
4.2426
3.5137
5.1687
6.2068
7.9853
5.2399
9.5704
7.7119
9.2242
9.7462
11.158
10.657
12.659
13.559
14.856
14.156
15.583
18.07
16.09
18.015
14.239
18.284
17.454
15.636
16.227
13.081
14.124
10.675
9.368
9.9276
7.6127
4.8746
4.0612
4.4115
2.0099
2.1318
3.6052
1.312
0.91949
0.088766
-2.379
0.77237
-1.6989
-2.0145
-1.8746
-3.9441
-3.799
-3.8652
-2.7402
-4.9483
-3.6295
-5.6677
-4.1613
-1.9497
-3.9801
-2.7911
-7.9831
-4.9513
-6.5324
-4.4004
-6.9817
-7.783
-7.683
-8.8609
-9.8048
-7.939
-9.393
-9.3159
-10.257
-7.7152
-10.808
-10.812
-10.238
-10.183
-9.5233
-11.378
-12.095
-12.227
-13.098
-12.145
-12.054
-10.077
-12.794
-12.904
-11.839
-15.974
-12.786
-11.129
-9.4402
-12.473
-11.766
-11.971
-7.8937
-10.259
-8.8194
-10.89
-8.0605
-7.9735
-4.6461
-6.4576
-4.5181
-6.5307
-7.3879
-7.9104
-5.2147
-7.2447
-4.6164
-5.8326
-4.531
-5.8275
-3.0624
-1.7026
-3.991
-5.0878
-2.4971
-5.9509
-4.3252
-5.8282
-4.3069
-5.6718
-4.9449
-2.8807
-5.0342
-5.2176
-7.0528
-5.8457
-5.209
-7.1523
-9.361
-7.9615
-9.1374
-8.1443
-7.5289
-7.6559
-8.663
-12.687
-9.9841
-8.7377
-10.382
-10.594
-8.8634
-12.434
-11.11
-12.126
-12.115
-13.716
-13.423
-14.225
-9.6249
-13.525
-12.119
-13.125
-10.485
-12.353
-13.391
-12.23
-10.594
-9.2768
-8.5291
-7.0408
-6.5424
-6.7519
-6.4548
-10.169
-5.8151
-5.512
-7.8559
-6.8783
-4.2993
-3.8489
-1.1624
-2.6238
-4.8267
-2.5355
-3.1492
-4.9335
-5.5813
-3.5122
-3.6258
-2.3079
-2.1957
-1.2943
-3.2302
-2.7769
-4.5266
-4.0232
-5.3165
-4.9712
-5.7104
-3.7215
-6.1157
-7.5236
-4.334
-5.0981
-3.4192
-5.3527
-6.2493
-7.1767
-8.3579
-9.609
-9.0039
-10.062
-9.7915
-9.2757
-11.272
-10.339
-10.029
-9.3887
-10.532
-12.258
-12.801
-13.577
-12.845
-12.792
-13.88
-13.39
-15.247
-12.389
-10.995
-9.7244
-12.397
-11.317
-13.223
-9.9207
-10.691
-10.282
-9.2271
-6.69
-8.2303
-6.4994
-3.9219
-7.0232
-5.4885
-6.5951
-6.3738
-6.835
-4.4449
-2.8652
-5.8944
-5.8886
-2.2742
-5.9349
-3.7229
-4.5629
-5.0291
-2.9171
-2.917
-4.9413
-0.42717
-3.8725
-1.4978
-3.917
-3.7158
-3.5115
-4.465
-4.24
-7.0925
-4.1922
-4.2168
-6.4063
-6.9268
-2.0366
-3.6644
-3.861
-6.2113
-6.1534
-5.4466
-4.4201
-7.7533
-4.458
-6.6071
-9.3292
-8.386
-10.427
-9.2148
-10.11
-10.277
-11.483
-11.348
-12.08
-14.931
-14.198
-13.596
-13.902
