-2.1265
-6.4104
-3.8716
-5.295
-3.4918
-4.1209
-4.1462
-5.3889
-4.7881
-4.7987
-4.8062
-7.9716
-6.7682
-8.1229
-3.9077
-8.7109
-6.7088
-10.26
-10.903
-15.719
-10.785
-13.493
-10.134
-12.461
-16.39
-13.788
-13.046
-18.108
-19.319
-19.458
-18.067
-18.893
-20.218
-17.813
-18.57
-17.377
-15.774
-14.576
-13.741
-13.162
-9.9586
-8.7673
-8.9428
-7.1895
-6.7095
-2.6782
-0.49511
0.20732
-4.5051
0.6019
0.1304
1.0677
-0.21199
0.64799
2.7375
2.511
-0.49084
0.069571
0.5186
-4.5047
-0.36954
1.063
2.6491
0.38291
-1.2535
-3.0498
1.5864
0.29692
-1.4006
-1.7413
-1.6084
0.7335
-0.96564
-2.5424
-2.7877
-4.2795
-2.8698
-3.7235
-4.2468
-2.846
-4.2252
-1.6926
-2.8154
-1.1038
-2.3536
-5.0468
-6.8925
-5.9181
-3.6014
-5.5294
-6.2569
-7.0925
-3.2988
-6.6476
-9.801
-10.314
-8.2134
-6.0677
-9.9735
-12.469
-14.053
-15.076
-13.648
-15.203
-13.412
-15.187
-16.357
-21.211
-20.259
-17.532
-20.795
-20.995
-19.46
-18.616
-18.319
-15.938
-11.607
-13.705
-10.676
-9.9416
-5.8729
-6.7615
-3.41
-1.8587
-2.8727
-1.4625
0.028596
-0.85424
0.43334
0.75646
1.1739
2.6088
1.8429
1.6111
4.231
-0.76895
0.85417
4.2002
0.38498
3.9687
2.6049
1.7132
2.8829
0.86171
1.7362
2.3149
1.0816
0.24369
0.3215
0.98812
2.1782
3.06
1.2801
0.049222
1.2542
0.90036
1.4849
4.0712
1.2205
0.74391
3.6924
2.7654
3.7252
5.4188
2.1231
3.4084
2.4527
7.6058
6.7172
6.0718
8.7665
5.7286
10.94
8.6655
7.9628
11.183
11.232
11.527
14.012
14.713
17.295
12.512
18.47
17.193
18.13
19.847
18.454
19.826
20.798
18.972
19.647
18.275
15.991
15.188
14.709
12.717
10.014
9.0599
7.7752
6.1059
3.0452
2.2122
1.7147
0.94849
1.022
-0.72837
-0.036269
-2.4806
-2.2776
-2.5827
-0.21723
-1.6038
-1.9448
-4.53
-2.7914
-2.5205
-0.20528
-1.1481
-1.0697
-3.5035
-2.9031
-2.666
-2.4396
-0.74865
-0.31083
-5.2872
0.87403
-0.89135
0.42474
-4.1278
-1.3196
-3.4329
-2.1702
-0.60892
-2.1343
-4.523
-2.148
-1.5754
-2.9705
-2.1342
-1.9011
-8.6207
-5.5716
-4.8768
-3.718
-1.0461
-9.4391
-6.1735
-6.3689
-6.864
-7.0478
-9.1162
-8.8102
-8.8366
-12.369
-12.91
-10.873
-13.203
-15.001
-15.01
-17.558
-17.002
-18.603
-20.071
-21.747
-21.723
-19.082
-19.278
-20.356
-17.482
-16.539
-16.206
-15.615
-15.66
-13.98
-9.6001
-8.6363
-6.0136
-4.6748
-5.7011
-2.262
0.014124
-1.2198
1.6682
1.1576
1.2767
-0.70553
4.7893
2.6833
2.2961
1.7889
3.442
1.0251
4.1282
1.8558
5.9452
4.2004
1.832
1.8169
2.8238
4.1939
3.9944
1.85
0.53983
1.5069
1.1392
2.2422
2.0808
2.254
0.032426
2.9576
0.43447
3.2014
2.5494
0.67442
6.6005
2.1856
6.0809
4.8743
4.502
5.4682
7.3923
6.4975
5.6193
2.7419
6.3226
5.1407
8.1909
10.118
10.267
9.4295
6.8864
11.802
9.8924
10.394
13.929
16.206
16.383
14.183
18.563
19.746
18.969
18.194
18.919
14.9
20.451
20.032
18.843
17.213
16.738
12.716
8.8343
8.7517
7.3178
7.9245
4.8967
3.3443
1.0373
4.0769
0.52936
1.6538
-2.9681
-1.808
-3.0644
-2.4962
-5.105
-0.19668
-1.3039
-0.82178
-3.6402
-1.8761
-1.7955
-1.2449
-3.0891
-2.997
-0.69025
-2.8588
-0.48851
-1.9073
-3.5183
-2.5342
-2.4367
0.21033
-2.7313
-2.8245
-3.3743
-4.1735
-0.95176
-2.9621
-2.9371
-2.7834
-2.9039
-2.2559
-0.8413
-1.6137
-4.7082
-6.2347
-3.0221
-3.5007
-2.6172
-1.8084
-3.5199
-5.7054
-7.0495
-4.2361
-7.2112
-5.7446
-7.8957
-8.3279
-8.2441
-10.227
-10.607
-12.207
-12.005
-15.565
-13.705
-13.357
-14.837
-14.717
-16.693
-18.51
-20.468
-19.066
-20.151
-19.33
-17.616
-18.337
-16.798
-17.37
-15.764
-13.466
-13.633
-10.272
-10.138
-6.931
-4.6712
-2.6691
-4.0769
-2.2653
3.7227
-1.2153
-0.40827
0.54746
-0.19226
5.6773
2.3463
5.1143
0.95699
1.1898
3.0606
2.893
-0.30057
1.6353
1.2701
0.46746
3.6836
4.077
1.8443
2.7158
2.289
0.81181
2.2579
1.6047
5.649
1.5702
2.5779
1.4451
2.5571
4.6508
3.5367
2.5785
6.2667
3.3649
4.3569
4.4087
4.6168
5.3017
3.5885
6.0807
8.4063
6.6456
8.9314
11.772
6.2655
7.7922
7.6127
8.6012
15.209
13.128
15.295
16.48
15.965
15.552
15.871
17.916
16.019
17.203
17.229
17.079
17.867
15.67
15.331
14.652
15.906
12.988
11.073
8.5821
10.16
3.1791
2.9665
3.3199
3.6609
4.4697
0.28336
3.3753
-0.55404
0.64238
-0.019783
-1.0466
-2.1167
-0.90586
0.91486
-0.88123
-0.80649
-3.1966
0.88823
0.22137
-3.6767
0.49916
-0.075164
0.44187
0.35544
2.0373
0.34818
-2.2317
-0.53694
-0.65466
0.095912
1.0095
-3.2032
-1.1793
-2.8821
1.9617
-0.11067
1.7587
-0.068333
-1.4834
-0.82655
1.0622
-0.68198
0.04809
-1.3928
-0.53498
-0.60684
0.74702
-1.1635
0.27607
-0.15306
0.398
-2.4482
-0.50501
-0.65496
-3.9483
2.788
1.0223
-1.3224
-0.92312
-1.6756
-0.32327
-2.7587
-1.6923
-1.2683
-3.5197
1.9852
0.21686
0.21702
-0.85241
-2.071
-1.2872
-1.8826
-3.9596
-3.4153
-3.7265
-3.4582
-5.1312
-4.3086
-4.3548
-5.7799
-7.9784
-7.8053
-9.5074
-11
-10.326
-10.482
-7.7636
-16.561
-12.434
-14.032
-18.31
-20.025
-22.045
-21.445
-20.453
-22.557
-22.508
-21.703
-26.057
-25.108
-21.567
-20.838
-21.337
-15.772
-15.501
-12.543
-10.644
-6.0189
-4.3112
0.37422
1.2089
0.91829
3.0262
5.0181
6.1858
5.3449
8.7724
5.3327
5.3589
8.142
4.4019
5.5942
5.741
6.9168
7.6771
3.7232
7.3533
5.425
5.4956
7.2796
3.8026
5.9185
8.8711
6.1137
7.0654
5.446
4.7679
6.1945
7.9185
8.2219
8.3924
10.817
11.774
8.6767
10.011
10.168
9.0973
10.894
13.216
10.897
11.274
11.899
12.738
12.62
13.71
13.674
12.364
14.563
14.438
11.024
10.532
14.927
12.295
10.829
13.744
12.261
8.5076
10.102
9.1512
7.2339
7.2092
7.447
9.9896
3.6456
6.964
5.1415
6.3112
4.1427
5.5123
4.2965
0.73235
6.5277
4.7546
3.0268
6.6707
5.1311
5.4105
5.9715
4.2252
2.9788
4.2967
4.9775
4.2471
4.3553
4.5012
4.6649
4.4061
6.5487
4.8977
4.8817
7.6935
7.0749
6.3739
7.5627
7.5849
9.7052
10.095
9.8301
9.4871
9.4091
9.213
11.473
8.8927
12.203
11.112
11.482
12.225
10.558
13.678
14.337
12.428
13.667
12.776
14.234
15.601
12.444
10.04
9.5433
14.559
12.186
11.064
12.06
11.85
7.6526
10.015
8.9203
8.5701
8.3763
8.0251
7.4365
4.7465
5.7619
6.2802
3.0762
2.7874
2.2826
5.1925
0.020729
3.5439
2.1466
2.7643
5.3582
3.3591
6.5812
2.978
5.3497
1.2846
3.4166
4.1305
4.223
5.4115
3.4815
6.2249
4.5056
5.4843
5.2154
6.9267
4.7142
6.5853
7.9649
6.0838
6.4718
6.5617
10.011
9.5099
6.9016
8.5954
12.076
11.611
12.172
13.454
10.838
13.794
13
11.531
11.753
14.98
11.876
14.358
15.283
12.959
11.713
10.904
14.073
13.611
11.907
12.58
11.125
7.7265
8.2201
10.01
7.3951
7.3444
5.0723
6.0909
7.5604
6.3431
4.1851
4.186
2.1352
2.5505
0.19436
2.0111
3.6128
0.020542
5.8773
3.446
4.0534
1.9111
5.9784
4.4479
4.3704
4.6191
1.9557
3.627
3.7164
3.4603
6.847
6.1257
3.871
5.2947
5.3855
7.4806
6.469
4.7405
10.571
7.7661
8.5229
6.3342
8.5013
12.831
10.406
13.157
10.585
9.9565
12.96
13.263
11.719
14.148
15.558
15.327
15.019
13.436
13.967
14.665
16.331
15.125
12.906
14.571
14.829
12.684
10.333
8.4012
9.2639
13.445
8.6283
9.0188
6.3643
5.6574
6.0072
5.2773
6.4983
5.6423
5.3097
3.3296
2.2525
0.16369
5.1403
4.1831
3.5407
1.3813
0.9814
1.328
4.043
3.2116
2.8736
3.0814
4.9414
0.62335
4.8804
3.9359
3.8828
0.95997
3.2314
5.8313
2.6294
1.4893
6.322
4.9811
7
6.7679
6.0956
7.0229
6.0889
8.0061
8.3888
7.8745
11.868
11.406
10.47
10.177
10.695
12.707
11.476
12.766
11.989
10.051
16.259
16.64
12.982
15.221
14.383
18.745
16.923
13.038
15.924
16.375
12.895
15.514
12.364
7.9975
9.9164
10.339
7.8468
7.7927
7.9364
4.2067
5.0108
4.8239
2.919
5.4084
3.4725
4.1398
2.6998
2.991
0.83747
1.7983
0.79513
5.59
2.2629
0.36889
1.3434
0.6607
3.5885
-2.2671
-0.81023
1.0634
2.913
0.60103
2.9805
2.1633
2.3137
4.8198
6.4775
5.8964
4.4593
6.1
5.4916
6.0187
6.7306
4.3446
8.9166
6.5555
7.1442
3.8463
6.839
8.5645
8.4753
8.1718
9.6941
8.9475
11.064
8.7537
14.549
12.712
12.789
11.618
11.269
14.127
17.513
16.471
16.187
17.32
17.784
16.114
17.606
15.479
14.056
14.593
14.394
10.168
11.264
12.509
7.1845
7.0969
10.329
4.8439
2.8746
2.9099
1.9079
1.8987
0.95673
2.7123
0.86727
0.65016
1.9013
3.3012
2.6006
0.77195
-0.11679
-0.21474
-0.2147
2.3745
-0.38072
-1.1111
3.8881
0.019102
1.2577
-1.1771
0.52177
1.8141
1.5966
-0.057622
2.7276
2.5629
3.7092
2.2
3.4285
2.1811
1.6748
2.0436
2.1143
5.2431
4.4248
1.5565
3.2159
5.8644
5.5789
6.3221
7.1754
9.2869
4.3199
6.1149
9.8097
9.2987
8.3419
10.307
11.323
12.722
10.868
12.179
14.13
15.959
16.236
17.347
16.973
15.391
18.975
19.156
20.391
20.405
17.737
17.412
16.662
15.749
16.908
10.081
10.279
9.9058
8.3565
6.4326
1.895
3.2863
5.4423
3.3558
0.94801
1.7091
-0.97235
1.6384
0.036107
-3.4681
-4.7081
-0.92218
0.36152
-1.5655
0.55586
-2.1856
0.53249
-2.4537
3.268
-2.8061
-2.4828
1.2581
-0.92905
-2.8229
-0.60015
-0.11043
-2.8912
-1.6266
1.8318
-0.39326
-0.16825
-4.1755
-1.8759
-0.076228
0.34392
-1.4692
-1.2541
-4.47
-0.83262
0.41724
-2.1096
-2.7688
-4.1683
-3.6459
-1.2741
0.99665
-2.3536
-3.2236
-4.9796
-5.9641
1.4575
-2.9456
-6.4542
-1.8974
-4.6756
-2.8985
-3.2717
-4.9269
-7.8177
-5.841
-7.4679
-10.832
-9.9894
-10.475
-11.047
-12.497
-13.657
-15.686
-19.266
-18.152
-16.86
-19.437
-19.773
-16.304
-20.131
-24.568
-22.668
-19.238
-20.216
-20.737
-19.567
-20.722
-17.054
-9.9127
-10.676
-8.069
-6.61
-3.4947
0.88067
1.511
1.6123
2.7952
2.3798
2.6814
3.3223
4.0385
5.7309
2.164
1.9087
6.2468
2.0094
4.6921
5.1443
4.9162
1.9668
3.9571
1.6257
1.4793
4.4455
3.1478
3.4208
5.2707
3.6524
0.73358
6.0752
4.9076
3.0717
2.6539
3.2597
7.4316
4.7824
6.8855
7.9007
8.6963
7.7126
7.3876
8.1317
9.3792
8.1355
7.559
9.2567
14.308
10.764
11.863
12.868
11.879
17.527
15.401
17.663
14.76
13.934
18.678
17.537
15.879
15.188
17.054
14.995
15.786
14.43
12.271
10.618
14.043
11.424
7.223
7.3553
8.2181
6.9559
3.5881
4.1356
3.2091
-0.49355
5.683
1.1536
2.9627
2.5259
3.2918
0.56787
1.5543
-0.50292
0.12739
0.53236
2.3951
0.56631
2.9438
-0.60638
-0.065413
2.9655
2.362
1.4965
2.1739
0.93867
0.82789
4.1513
-1.2774
1.0304
4.3976
3.1366
4.3983
0.63374
4.615
2.2822
2.2742
3.5905
3.9907
5.9127
5.927
4.557
6.6183
4.167
7.1857
7.2174
7.9251
9.1829
7.836
13.974
9.8039
12.896
14.788
13.331
14.514
17.534
19.473
15.741
14.968
17.795
20.418
16.472
17.651
16.343
16.016
16.619
16.939
13.356
13.887
9.7375
8.031
10.796
7.6585
4.9757
7.7155
2.4272
1.8771
0.99286
1.1575
1.7491
-0.75619
0.86676
-4.1897
-1.7515
1.832
-1.1511
-0.86884
-1.0293
2.0419
-0.82957
-2.0429
-0.86261
1.9393
-0.43789
-2.3108
1.4946
-1.3327
-1.3764
4.2999
-2.9718
-2.0467
0.96182
-0.27807
0.044299
0.58853
0.70029
-0.52255
-0.56615
1.1247
0.15853
2.6375
2.7214
1.8589
2.6448
3.2514
0.003116
1.1584
3.3567
0.50992
3.8407
1.9782
3.4533
0.044529
3.9445
3.8252
2.938
6.2855
4.4
4.3924
4.1779
5.9888
6.3468
6.8162
6.3819
8.0579
9.2594
7.2619
11.211
9.7946
12.316
15.164
14.882
13.696
15.458
17.234
20.839
18.194
21.08
20.064
19.957
20.173
23.314
20.801
24.795
20.886
18.016
15.203
13.399
12.993
9.3692
8.4185
7.8484
2.1323
1.0258
-1.232
0.84274
-3.0879
-5.5772
-2.6486
-3.8138
-7.2686
-0.83778
-5.0485
-4.7798
-4.1534
-5.3868
-4.3757
-3.5643
-2.3911
-3.3979
-4.4095
-2.1248
-4.9772
-1.3684
-2.5586
-7.428
-4.9983
-4.5205
-4.6327
-4.6383
-8.0669
-5.463
-5.7496
-5.527
-3.8587
-7.0218
-6.7311
-8.4249
-8.646
-9.919
-9.2232
-9.6429
-9.373
-9.427
-9.6477
-10.351
-10.767
-13.445
-12.734
-11.884
-16.083
-15.421
-15.385
-17.038
-13.239
-17.603
-13.955
-15.611
-14.986
-17.671
-17.536
-14.755
-15.517
-13.499
-10.022
-11.571
-11.186
-9.1443
-4.9048
-6.1262
-6.3908
-2.7258
-3.1574
-3.1142
-3.6407
-1.7416
-2.5212
0.3535
-0.11726
-1.6167
1.5785
0.48767
0.22102
-0.71864
1.6534
-3.2656
-0.73811
0.11971
-1.9599
-0.96942
0.97294
-3.1789
-1.5808
-1.7863
-4.5011
-0.56852
-2.678
-3.2108
-2.2215
-4.3511
-4.2525
-6.2785
-3.4975
-3.8179
-2.7246
-4.4506
-6.1291
-4.9734
-6.9113
-8.7376
-6.2627
-8.0027
-8.2341
-8.3845
-3.8853
-8.2987
-7.4716
-14.599
-10.804
-12.388
-13.963
-12.308
-9.5633
-14.742
-16.513
-19.089
-16.773
-17.342
-14.186
-17.895
-14.777
-17.449
-15.596
-13.006
-16.164
-11.765
-10.406
-10.697
-10.812
-7.5657
-6.5538
-7.8696
-5.3153
-3.5544
-1.9294
-2.2107
-0.27506
0.34715
0.0037947
3.7879
-3.0028
3.5423
-2.0416
-2.895
0.37527
-1.4094
0.68773
-1.43
-1.1845
0.60731
-0.53761
-0.12293
0.94113
-3.1103
0.75843
-1.4506
0.81978
-0.48457
-1.3002
-3.2965
-1.2315
-0.78866
0.67573
-2.7397
-2.726
-0.7121
-2.7814
-0.3802
-1.8656
0.37529
-5.3384
-2.9387
-3.7921
-3.2833
-2.2907
-3.6195
-3.4909
-7.6393
-7.9273
-6.4734
-7.4465
-3.7497
-6.0336
-6.1936
-9.2633
-10.2
-6.6305
-8.3823
-12.889
-12.075
-11.93
-15.608
-13.341
-15.078
-16.997
-14.699
-18.781
-19.637
-20.425
-17.916
-21.041
-18.811
-19.292
-16.717
-14.157
-16.935
-13.216
-12.21
-9.0202
-9.0691
-8.2662
-3.5435
-2.0798
-0.44768
-1.3852
-3.2326
3.2383
2.7374
2.9258
4.0816
4.7692
3.3913
4.8567
2.2953
-0.44304
2.4211
4.0478
3.8741
0.39412
1.8752
3.9916
2.552
2.1349
2.196
1.3753
0.67184
1.6793
3.4067
0.35334
1.1255
3.4985
5.9388
0.9397
1.3773
4.9067
5.137
4.6043
4.414
2.481
4.0393
5.6206
4.2261
5.201
6.9741
7.1927
5.6676
7.3937
7.3559
6.7215
7.4938
9.9894
13.33
10.395
11.685
13.351
13.413
14.386
14.681
14.996
17.211
19.706
18.525
16.604
19.821
20.01
16.591
18.857
17.815
15.244
14.181
14.453
12.488
11.316
8.7337
5.5251
7.1777
4.7462
2.2885
0.75508
1.1856
-0.48361
-1.3415
-0.41854
0.17876
-0.91609
-0.26695
-1.4475
-3.9373
0.061566
-2.017
-0.76141
-0.8224
-1.0902
1.9043
-0.40534
1.5637
-2.8916
-3.1014
1.3285
-0.58059
1.4996
-1.773
0.75179
0.30104
-0.96203
-1.2639
1.4088
-2.6611
-1.4994
-2.3271
-0.83767
-1.5313
-0.66908
2.0983
-1.2696
-0.87612
-0.88962
-0.46446
0.58455
-1.7234
-0.45617
-0.17511
-0.61363
-0.030765
-2.8653
-0.19886
-0.65618
1.6076
-1.1362
-1.2589
-1.1504
-1.2266
-1.986
-4.4989
-4.306
-2.1065
-2.9516
-2.3894
-1.1401
-4.2357
-3.9557
-4.3054
-3.4705
-2.1528
-4.4899
-4.1904
-4.3981
-7.1232
-4.9688
-7.0042
-6.5544
-9.6668
-9.5565
-8.9126
-13.475
-14.219
-15.998
-14.72
-16.773
-18.203
-16.569
-21.64
-20.564
-20.946
-22.601
-24.13
-20.105
-24.153
-21.925
-21.761
-18.064
-13.88
-12.827
-12.67
-7.3323
-5.0697
-2.8453
-2.198
4.0403
2.9954
4.2504
4.6808
4.1633
4.394
5.7974
6.325
3.883
3.6086
6.6221
3.1923
4.0711
4.0894
5.2006
7.5251
2.6681
3.8536
8.9494
5.6727
1.8904
5.5582
5.7389
6.4525
6.4218
5.5578
6.8153
9.7385
5.7117
5.6421
5.6532
10.219
8.7961
7.925
9.52
10.875
6.9305
11.881
8.2619
13.167
11.422
10.064
12.197
14.132
13.773
14.803
14.787
12.543
14.169
13.463
13.494
13.224
14.748
13.337
10.344
14.277
12.81
11.503
12.505
7.6493
10.88
6.6202
6.6337
4.5419
6.7285
6.8779
6.5068
3.8655
4.2491
4.5024
5.2315
2.3457
2.3257
3.1814
3.1797
0.80678
3.499
3.223
1.8137
2.5267
1.6741
3.6482
4.331
4.691
2.9481
4.1048
2.4339
2.1635
6.7283
7.4216
7.3347
5.8452
5.7869
6.1816
6.5067
7.1359
8.2707
10.797
8.7894
6.8375
10.113
10.236
9.5068
12.713
10.389
11.568
12.122
12.596
11.282
13.252
12.946
14.553
15.052
14.971
14.794
11.322
15.039
14.406
14.857
13.84
10.168
14.835
12.642
11.87
12.251
9.7733
6.9301
9.0523
6.7721
5.3241
2.7482
5.7611
5.4543
1.5926
4.5058
4.0171
1.4321
3.0419
3.1664
6.4899
0.324
2.0024
4.9347
3.0772
3.8032
1.8528
4.2924
1.2063
4.4988
4.726
1.1537
1.5836
3.5778
6.4005
2.129
6.5285
7.5593
7.6602
4.8686
4.7702
4.9205
8.0163
5.261
6.8718
9.5488
10.662
9.6477
6.986
8.3291
11.434
12.771
11.251
10.707
11.362
10.556
13.151
17.646
14.261
14.308
15.419
14.838
15.352
13.984
15.156
16.935
13.098
14.474
13.378
10.489
9.7453
12.565
8.2807
9.7032
10.725
11.78
7.5802
4.2807
4.6413
5.892
2.3801
1.2093
3.1581
0.96984
1.3479
3.9257
1.8069
0.58863
1.8554
3.214
2.4532
5.7869
2.3639
1.5642e-05
3.6278
3.8326
1.1963
2.065
3.7259
3.8436
4.014
4.4689
2.4453
0.71497
4.7685
5.9936
3.4584
4.2566
6.1093
5.6645
5.3104
5.5621
9.0633
6.1932
6.6109
5.7414
9.6519
9.6989
10.084
9.6267
10.739
7.6332
9.8833
9.3887
11.438
10.749
15.251
16.287
14.436
15.184
14.667
17.25
16.018
17.684
16.067
14.006
13.257
14.012
13.55
14.624
16.252
10.628
10.925
8.3438
8.2035
2.9125
5.9812
1.3551
5.1281
1.4094
1.3766
0.89038
0.99458
2.3098
2.8692
-0.02883
-0.55111
0.14884
0.46627
-1.2678
1.9889
1.7119
-0.6447
0.13144
1.2168
2.7862
1.9138
-1.6833
4.0511
-1.0597
2.7419
2.4967
2.3387
4.0795
1.8975
2.9321
3.4807
4.7221
3.3569
2.7245
5.2056
3.6616
4.7362
4.973
3.2624
4.4434
7.2028
3.3391
11.312
8.2884
7.8368
8.4397
10.24
10.617
9.9172
12.264
11.42
12.931
15.876
12.628
12.175
15.753
18.376
18.006
17.474
18.26
18.289
13.754
20.386
18.141
14.78
16.78
14.887
10.625
9.308
8.82
6.5253
6.7562
5.2886
2.1069
1.8664
1.847
0.11374
1.2882
0.71411
-0.39706
1.328
-1.9128
-1.9445
-2.7548
-4.3545
-0.77567
1.2526
0.49453
-2.6749
0.004344
-1.0343
-2.5068
0.045169
3.0281
-3.4076
-1.2436
0.57462
-1.3856
-1.1308
1.5102
-0.9594
-0.44876
2.1158
1.7796
0.96667
1.8725
-0.42478
0.026143
-0.054609
-0.029608
-2.6923
2.8789
3.1414
1.5131
-1.0907
2.5984
0.81906
3.4172
4.5782
4.3167
6.1968
2.8954
3.7943
4.6354
2.0091
8.5191
4.1958
5.8119
6.6466
6.183
5.8713
7.5278
8.5026
11.417
10.522
11.594
13.56
11.796
15.26
16.064
17.189
16.837
22.412
19.824
19.26
22.172
21.427
22.442
19.487
18.836
19.815
19.108
14.534
12.393
12.714
7.8679
7.2331
5.5954
2.3676
2.5596
-0.41066
-2.4619
0.95957
-1.601
-3.4017
-2.4793
-3.7918
-5.3041
-1.3394
-3.2254
-2.6665
-5.7153
-2.9826
-0.20225
-1.9548
-3.2306
-4.0212
-3.9297
-1.8485
-4.2138
-2.3444
-4.6957
-1.2105
-2.0683
-2.3949
-3.438
-3.1478
-3.1942
-5.2165
-4.2858
-5.0504
-4.6995
-5.118
-9.5777
-4.5977
-4.2144
-7.2779
-6.5465
-8.526
-8.383
-9.052
-9.5956
-11.19
-10.286
-10.161
-12.974
-14.912
-15.277
-13.852
-16.611
-14.078
-16.115
-16.329
-15.033
-17.47
-17.042
-15.197
-17.03
-14.391
-13.881
-14.007
-13.439
-11.705
-10.547
-9.3687
-6.0656
-4.699
-6.053
-4.1675
-0.80649
-4.2214
-1.5373
-0.67819
-0.48353
1.1212
-1.3702
-0.38065
-0.75016
1.8833
-1.9201
0.73589
-2.8458
1.5714
-1.0113
-4.0063
0.13939
-0.17935
-0.78222
-4.0214
-1.1536
-3.0343
-2.7557
-0.30832
-4.4124
-4.2774
-3.3974
-2.0877
-2.7991
-3.1257
-2.9894
-3.3937
-2.1033
-2.751
-9.2007
-4.6701
-2.6456
-6.5636
-5.3791
-7.3469
-5.8593
-8.9365
-6.7619
-9.2544
-6.627
-8.3667
-8.8437
-9.1326
-11.126
-11.662
-11.074
-15.033
-16.192
-13.685
-15.202
-18.149
-16.333
-19.002
-16.656
-18.429
-15.909
-20.616
-15.314
-18.34
-17.448
-12.949
-14.579
-10.877
-12.114
-7.1275
-7.0454
-9.7073
-6.7015
-4.8237
-2.7825
-1.661
-4.1543
1.4213
0.32533
1.2665
0.5196
1.4878
3.0053
-0.59802
1.4798
1.5835
-0.45497
2.0761
-0.99454
1.5411
-1.7025
-2.1443
0.77883
2.1451
0.77735
1.0948
-2.3653
0.80638
1.6678
2.2171
1.7595
-0.9059
-0.87646
2.0336
0.31254
1.6764
0.48831
-0.20209
-1.4615
0.19812
0.23671
1.2549
-1.1261
0.56761
3.2394
-0.55697
-0.31888
1.3087
-0.28211
-3.629
1.1824
-0.42119
-1.797
1.5763
-2.0484
0.040887
-1.6404
-1.9419
0.10139
-2.2002
-4.2452
-0.10155
-1.2543
-1.9639
0.038408
0.2724
0.069315
-1.1573
-2.2306
-0.72311
-5.1812
-4.9113
-2.6017
-4.1109
-4.5842
-5.9349
-5.5997
-5.0409
-7.222
-9.4594
-11.926
-11.518
-11.48
-14.942
-14.471
-17.61
-17.398
-18.72
-18.698
-24.82
-22.211
-19.992
-23.401
-24.333
-24.355
-23.375
-22.068
-20.834
-19.491
-15.821
-16.479
-11.769
-4.6981
-6.7756
-6.3584
-0.48542
-0.90131
-0.34032
0.96011
2.8403
4.7348
4.0431
7.4548
7.6381
8.3402
6.4294
7.0049
3.4617
5.5525
7.6411
5.6647
5.6582
3.903
5.273
5.6949
5.2092
5.7639
7.5218
8.7608
3.7712
7.092
5.7533
7.6259
9.4057
9.0449
5.6569
9.8081
7.7393
8.1753
8.6453
9.3568
7.0059
13.115
10.82
11.072
13.239
11.195
13.759
11.564
11.673
12.416
11.898
13.288
14.404
12.497
11.359
12.37
11.139
14.772
12.255
12.388
11.598
10.767
10.442
7.2608
7.2745
4.8916
6.5416
6.3798
8.8995
5.1143
3.3835
5.8815
4.733
3.8906
4.1617
4.9146
3.8531
2.7754
4.405
0.85695
3.4724
4.5533
3.3361
3.2767
2.3131
1.7243
4.3272
7.1872
4.868
5.9347
2.7803
6.1303
6.5101
5.583
5.9376
6.0049
3.9428
4.3584
4.3269
8.8241
8.5683
8.5396
6.6267
7.6567
9.828
9.4024
12.211
9.8101
12.833
12.939
14.223
11.183
15.293
11.049
13.992
13.868
15.167
14.895
14.422
14.413
15.232
15.481
13.423
11.611
12.484
13.508
10.744
10.612
9.2813
10.469
10.289
10.206
8.1002
5.1303
7.6261
8.255
5.4687
4.9801
3.7237
1.8216
2.9582
3.8767
3.3303
2.5595
5.3699
0.77112
0.95268
4.4897
0.36796
0.39462
1.5098
2.5397
4.5465
1.2774
6.7696
3.1132
4.2709
3.6009
8.1289
4.0399
6.1272
7.5483
7.1157
5.1914
4.675
7.4341
4.7501
6.7373
5.3311
7.7645
8.9733
6.7541
9.909
11.267
14.126
9.2079
12.238
10.507
12.675
10.806
16.321
15.196
13.704
15.396
15.16
17.17
11.532
13.916
14.718
14.159
13.425
15.257
11.565
11.027
12.656
10.608
8.8586
7.7473
7.5414
6.4807
6.1791
4.7096
5.3167
7.607
5.1848
1.0397
4.3854
5.3866
-0.95794
5.4149
1.516
0.40904
0.70597
0.72792
0.9482
-0.24615
3.1628
3.3863
1.1648
4.2908
3.1467
0.3924
3.432
3.4282
3.4536
4.0621
2.2128
5.6292
3.6268
6.166
5.8382
4.7461
6.533
4.0052
4.9955
6.6941
7.416
10.178
7.8131
8.7162
8.4267
9.3724
9.504
13.795
11.049
13.45
11.219
13.342
14.806
16.51
13.303
16.293
15.479
17.45
18.023
12.598
16.331
17.318
13.073
12.385
14.141
13.429
10.621
7.7759
10.534
10.06
5.9428
7.176
4.0372
5.3904
3.2965
2.1415
2.7009
5.4816
2.0516
-1.4376
0.4836
1.0337
1.9893
2.0276
0.21063
-0.88523
2.0077
1.906
3.5038
0.28573
1.5929
0.9716
2.7048
0.66656
-1.6772
2.6337
0.68305
2.5881
5.6011
1.2174
2.7805
2.4513
4.4511
3.9593
2.6543
6.6417
5.5632
5.7612
5.4099
4.6644
5.7998
6.0485
4.9895
9.3688
10.187
10.94
10.613
13.109
10.538
11.403
13.999
11.18
14.357
14.854
13.665
12.602
16.108
14.6
17.955
17.058
15.783
16.886
16.871
16.876
13.646
14.243
9.5969
11.172
10.173
5.1702
6.9301
7.738
5.0111
4.6099
-0.7567
2.1522
5.3586
3.6967
1.8778
-0.63425
-0.83754
0.3446
-0.95064
1.8497
1.5473
-0.84054
-0.40308
-0.77593
2.3545
1.2682
0.070083
2.0431
0.45554
0.11558
1.027
-0.71476
2.2244
1.1201
1.4949
0.63254
2.223
1.2197
2.1996
3.6902
4.1202
2.9174
4.5414
2.1011
5.2415
3.9952
4.1612
4.5806
3.9055
2.3469
4.3044
7.1647
8.0011
8.6598
9.4042
9.1417
12.396
9.1158
10.568
9.6863
8.3178
14.488
11.609
14.442
14.919
17.41
17.465
17.986
16.65
20.838
20.214
18.262
20.676
18.357
16.146
14.235
17.63
14.144
13.519
10.27
12.675
8.3935
5.1186
5.7843
4.6578
2.2913
2.4396
0.42068
-1.3013
0.22458
0.97282
-1.7725
1.03
0.5196
-1.7187
-2.2885
-2.7606
-0.92447
-1.4004
-0.80123
-2.6013
-5.0411
-2.1011
-0.41287
-1.5332
-0.29465
-2.3817
-3.7106
-2.1264
0.89455
-1.2071
-1.3876
0.1277
-1.2416
-0.63496
-0.55227
0.85477
0.26931
-1.5293
-0.79169
0.32532
-1.4487
-2.4972
0.42249
-3.2812
-1.5004
-2.6239
-0.88679
-4.5429
-3.707
-3.9791
-1.3059
-5.4501
-7.3868
-5.2881
-6.1008
-7.1429
-6.1816
-4.8238
-7.4524
-8.7645
-7.5495
-10.481
-9.5843
-11.371
-13.606
-11.373
-11.249
-17.259
-16.671
-16.154
-15.084
-19.258
-20.36
-19.207
-20.806
-20.665
-19.584
-19.27
-19.669
-18.393
-15.605
-14.444
-12.317
-13.664
-9.8348
-6.8768
-1.7338
-2.8302
-2.1635
-2.2345
0.61324
-0.42962
6.8057
1.4879
2.4113
5.0984
2.0073
3.199
3.9676
4.2382
3.5933
1.306
3.1321
4.656
4.4609
4.1573
0.70523
1.4551
5.4298
2.3296
3.8544
4.2699
5.2995
3.6905
2.2485
0.67793
2.3996
3.5203
2.4295
5.0124
6.7481
6.1846
7.2001
8.335
5.2364
7.8408
7.7224
5.9636
7.0914
8.1672
10.909
9.5517
14.139
9.3788
12.467
9.0957
12.905
12.607
13.824
14.712
16.233
16.776
15.032
17.516
20.905
16.371
12.216
17.046
15.831
17.929
12.579
13.127
9.3233
11.49
10.728
5.0358
8.2872
5.0329
3.9885
2.0365
3.5148
1.1004
2.8288
1.4252
0.45644
2.6668
3.279
-0.12245
-1.1277
0.96947
1.4712
-0.91389
2.1781
2.1149
2.5485
2.4045
0.25464
0.58641
4.6159
-0.36216
2.1609
4.8426
-1.321
1.2673
2.5634
0.52545
3.3566
2.5819
-1.9809
3.3822
1.1522
1.3529
2.3978
1.3558
3
3.3468
2.2486
5.9513
2.0709
2.9405
7.8439
5.1954
6.8813
7.2174
6.1974
7.1239
11.182
8.605
8.8717
8.8794
11.925
12.449
15.391
11.821
14.15
13.329
16.384
17.636
18.793
18.104
20.593
17.87
21.244
20.364
17.903
17.125
17.978
12.641
13.664
12.022
10.532
6.6893
7.6196
3.4858
5.1103
1.8738
2.9124
0.38736
-2.351
-3.0989
-1.7254
-1.2073
1.141
-1.9542
-5.409
-3.0427
-0.086225
-0.85488
-0.71478
-0.019147
-1.1917
1.126
0.030949
-1.928
-2.2376
-3.2555
-2.4081
0.89809
-2.7216
-2.5525
-1.4062
1.1751
-1.6604
-2.3696
-4.5412
-3.5301
-0.25143
-2.4051
-1.9699
-0.2622
-3.4713
-3.5653
-2.9519
-2.6987
-1.3182
-1.9658
-0.584
-0.32455
-4.1238
-3.9935
-2.9409
-4.013
-3.6004
-2.3486
-8.8171
-4.1068
-6.8931
-4.992
-8.554
-8.6796
-9.2018
-10.312
-9.351
-12.679
-12.773
-9.4976
-13.999
-16.743
-17.433
-14.768
-18.349
-21.125
-23.082
-18.029
-20.551
-19.294
-18.958
-20.069
-17.173
-15.806
-15.251
-13.738
-11.822
-11.35
-8.4438
-5.6812
-7.1929
-4.5657
-3.1102
1.8201
3.1414
0.93262
-1.3552
0.22194
5.0271
1.5466
2.9846
2.6529
-1.8748
4.1107
2.0739
1.703
2.1989
3.0616
2.8642
2.9395
3.5074
4.032
1.9815
1.8049
3.4521
3.5492
1.7868
4.4617
4.4104
3.2409
4.7804
2.9091
3.525
2.1764
8.4598
6.9673
5.9611
5.9817
4.8957
7.5144
5.2075
7.5171
10.136
7.2692
10.425
9.8318
6.4062
9.2644
10.531
13.17
12.155
18.241
15.178
15.449
17.154
14.954
18.536
19.493
14.846
16.224
18.149
19.178
15.996
16.59
15.812
16.653
14.835
10.867
12.585
9.9572
6.5582
5.606
4.311
4.9284
2.6768
1.6066
1.1904
-2.0013
3.3158
-0.75711
-2.4163
0.4221
0.093588
-0.24252
-1.9342
0.83484
0.85842
-0.86158
1.5298
2.1005
-0.046393
0.75571
-0.096465
-1.8399
1.9926
-0.21216
-0.025567
-0.8864
1.6053
1.0577
1.1815
3.0605
0.93848
2.8548
0.95224
2.8207
1.3915
-1.2226
-0.44113
5.7191
4.8149
1.4779
4.2173
4.6166
1.9597
1.6988
5.3685
2.191
3.0287
6.0943
4.8589
5.9808
8.6392
4.3677
4.1203
10.287
6.3717
10.64
11.098
9.1292
10.899
15.937
14.29
14.483
16.475
17.761
20.145
18.763
15.979
19.937
20.655
21.199
23.461
17.418
16.112
15.831
14.278
15.957
10.767
12.204
6.6598
4.8649
4.1174
2.5446
1.3005
-0.4677
-1.5208
-2.737
-2.8661
-3.3933
-3.3924
-3.1499
-4.8771
-2.0411
-3.1471
-0.69535
-2.6026
0.7548
0.78718
-0.4697
-2.9974
-4.4653
-2.4344
-0.92417
-1.6697
0.6059
-1.4822
-1.4154
-1.4902
-4.0285
-5.4355
-3.2769
-2.2138
-2.1561
-3.2464
-3.8115
-5.7539
-3.7244
-4.5178
-5.4034
-3.3573
-4.3936
-2.742
-3.9097
-5.4299
-6.7445
-4.7128
-8.9714
-8.5707
-12.055
-10.073
-8.9143
-12.06
-12.607
-13.254
-14.333
-13.63
-15.236
-16.062
-16.672
-17.157
-20.631
-17.508
-20.173
-16.158
-17.581
-19.356
-14.741
-15.761
-13.336
-13.084
-9.3681
-8.7716
-10.099
-5.3389
-2.5564
-1.666
-2.0603
-0.91215
-3.7405
-0.93199
3.175
2.4642
0.37096
2.5865
0.10547
0.90481
1.2772
1.1503
0.47238
2.5469
0.22352
1.9224
-0.87627
-2.6307
-0.39354
1.0084
-1.1828
-0.88386
-2.6024
1.1851
0.43864
-1.8434
-0.21224
-2.2887
-0.94951
-0.11011
0.25761
-0.10951
-2.624
-2.0239
2.355
0.64349
-1.2087
-1.976
-0.28451
-0.20148
-0.3146
-0.55461
-0.11231
-3.916
-0.5041
-2.0535
-0.030398
0.21449
-2.1284
-1.8881
-2.5395
0.6607
-4.1197
-3.7073
-3.1867
-4.2041
-1.7408
-1.5206
-6.0488
-3.7775
-5.1014
-5.8849
-5.5241
-10.302
-6.728
-5.6576
-7.4372
-9.02
-9.6293
-10.869
-15.8
-14.422
-13.172
-15.528
-15.427
-16.276
-19.281
-19.142
-18.565
-22.016
-21.707
-21.975
-22.701
-24.247
-19.12
-19.446
-18.86
-14.481
-9.3772
-10.048
-7.8119
-7.1775
-4.7005
-1.1385
0.71974
-0.81489
2.5252
1.463
3.2214
4.839
1.1855
4.4202
5.4913
5.3777
2.8754
4.5894
3.8533
6.318
4.9407
5.7696
3.4327
3.8877
7.363
5.0386
5.6013
4.7578
5.5133
7.8852
6.1694
3.7034
4.025
9.5318
7.3872
5.2781
4.4324
9.0498
6.5506
7.4989
8.4253
7.2241
7.4002
8.8369
10.816
10.414
11.813
11.185
13.685
10.744
9.7758
12.741
12
17.121
17.241
13.532
15.214
13.482
13.292
16.78
16.088
10.278
16.032
12.507
10.988
12.878
7.3109
8.5483
7.6784
9.061
9.5894
3.9566
7.3527
4.2541
3.1331
4.2803
4.2552
5.6359
2.9179
2.3732
-0.48121
4.2694
1.6118
3.0591
0.85589
2.2454
1.6968
1.9138
0.22056
2.727
4.4707
1.6413
1.1128
5.5405
3.4041
2.8635
3.2072
4.8132
4.3237
4.8887
4.8667
6.6796
5.3137
3.4552
5.2868
5.37
6.1011
8.1682
8.8232
8.4945
10.519
9.7102
11.492
8.98
12.742
9.0077
10.994
14.413
14.274
14.997
14.826
14.531
16.236
15.535
17.771
17.223
13.694
14.381
14.33
14.548
16.609
10.668
11.824
11.192
12.039
9.2548
9.462
8.563
6.9653
4.4414
2.8831
4.6272
4.8392
0.19286
0.1879
3.2011
2.1236
3.9587
3.9284
-1.1747
0.20216
1.849
4.5167
0.50652
0.74076
1.9229
0.96118
4.0023
2.9574
1.172
3.7786
2.9902
1.3365
3.3255
4.3097
2.5948
3.5736
3.3455
4.5051
1.8468
4.5984
3.6938
9.294
5.0688
6.2775
6.3075
7.2607
8.8513
10.587
5.9459
6.93
9.1155
11.007
8.0863
8.2663
8.7081
12.004
15.667
12.069
11.695
13.727
14.682
14.866
16.867
14.452
15.636
15.292
14.373
16.867
14.848
16.445
14.709
13.881
14.051
11.111
8.2313
8.9201
7.5861
4.6583
5.0538
4.0374
4.3564
5.3541
0.64703
2.4541
2.4495
-1.7309
0.36555
2.9688
2.2364
-1.8707
1.7793
2.4372
0.27953
-0.32403
2.5032
-2.6233
3.6405
-0.57849
0.50069
0.83118
-0.47847
0.61547
2.3725
2.2112
2.2045
2.4236
2.4542
1.761
2.5686
4.2546
1.7615
4.4103
1.8726
1.9306
3.1294
1.4783
4.2517
4.8866
6.6019
5.8111
5.1931
6.3122
5.6017
4.3345
8.9632
8.222
7.3646
7.9581
12.439
11.645
8.4432
12.909
10.606
13.681
15.903
15.911
17.817
15.025
16.705
16.691
18.041
19.864
22.35
19.588
15.997
17.607
17.318
15.853
17.9
14.974
11.408
9.7221
8.2409
5.9877
5.389
3.3617
2.2043
3.0315
1.8443
0.22139
-0.13977
-2.0253
1.5822
-1.2825
0.65676
-1.34
-6.9691
-2.054
0.42868
-0.3661
-2.9107
-0.53791
-0.84758
-2.3093
-2.0172
1.1242
-2.0457
-1.43
0.71038
-2.2436
-3.1414
-2.3413
0.16376
-3.758
-0.45016
-1.5493
0.41345
-1.3954
-1.5558
-5.0234
-1.6065
-4.3581
-3.1853
-1.8914
-5.2325
-1.0927
-2.9556
-1.5266
-1.8314
-2.6099
-3.8015
-4.3855
-3.8509
-6.4895
-6.8885
-6.0834
-7.2052
-10.286
-7.4423
-7.3434
-6.7367
-9.1553
-9.2395
-11.683
-12.46
-16.19
-14.703
-15.429
-17.984
-16.67
-16.474
-21.154
-18.867
-19.109
-19.665
-21.513
-17.89
-18.44
-19.075
-15.91
-14.862
-14.602
-12.463
-11.519
-7.6061
-6.4928
-3.3491
-3.3198
-0.96545
-0.61466
1.678
0.90185
0.92347
2.1835
2.926
-0.16203
3.1502
1.6678
2.0501
2.2874
1.8765
-0.76348
1.4885
3.7413
3.9761
-0.16104
2.19
2.5551
2.5551
1.049
4.8976
2.0958
3.2851
4.6418
1.7264
0.93333
3.7484
4.2334
4.5355
5.1831
3.4283
3.1991
6.3589
2.8804
10.101
7.8226
4.9122
8.379
6.7183
7.9955
10.258
10.061
10.441
7.7855
10.583
13.231
10.865
13.346
15.479
12.896
17.21
13.665
20.263
15.782
17.772
15.662
20.204
19.649
17.038
18.461
12.666
17.03
14.912
12.849
11.632
12.071
9.0473
6.2131
5.8861
4.7891
3.1031
2.4836
1.3275
0.44297
2.1827
-1.3956
2.7062
2.9554
-1.1954
-0.15302
0.69873
-0.46095
1.7982
-1.435
2.184
0.35497
-0.50803
-0.29072
0.94833
1.8068
1.3319
-0.044832
-1.4459
0.07513
1.7819
1.6407
-0.37508
1.77
-1.0204
-0.67528
1.5515
2.7899
-0.21592
2.6947
1.7833
0.4106
5.3299
0.61783
3.2937
1.0384
2.3117
2.5877
4.1552
6.0183
6.1568
4.1987
2.4799
3.617
3.2164
5.8615
3.7111
7.243
5.2023
6.2736
7.5069
4.7708
7.3107
9.0093
10.142
12.005
11.153
12.891
11.747
17.073
14.898
15.436
18.098
16.877
19.273
21.835
23.322
19.652
19.819
20.72
18.52
17.36
18.847
12.859
11.822
10.435
7.1484
5.4782
4.4596
1.9898
1.7703
0.74325
-0.83279
-3.3447
-2.6167
-1.5011
-1.7047
-5.3456
-3.368
-2.6607
-4.6355
-4.3218
-2.7821
-1.9956
-4.8854
-1.8808
-3.1106
-4.53
-5.9058
-4.9315
-4.9624
-1.9372
-3.3223
-2.5534
-2.9378
-3.5513
-2.7593
-5.4275
-2.3208
-5.0856
-2.1948
-3.2275
-7.8594
-8.2796
-4.5114
-5.1714
-1.9452
-9.0475
-4.8395
-4.8686
-8.0021
-7.4358
-10.342
-7.9068
-11.44
-12.411
-12.824
-13.151
-13.833
-14.4
-15.103
-14.1
-13.488
-11.347
-13.985
-16.206
-21.713
-17.539
-18.172
-15.619
-17.132
-13.813
-13.771
-13.369
-9.1651
-7.7052
-6.9306
-7.3971
-4.9503
-4.3106
-4.9243
-4.9771
-4.1022
-2.9042
-1.9245
0.52935
-1.2773
3.3293
-1.1443
-2.8881
-2.7561
-1.3048
-0.26974
-1.1106
-0.31632
-0.56097
0.40107
1.9705
1.3669
-1.1983
-1.4611
-0.14788
-2.5161
-1.2481
-2.4743
0.59569
-1.3098
-3.2385
-0.5889
-0.47245
-0.89672
-1.3692
-1.5953
-4.1996
-1.7273
-0.035572
-6.3275
-1.9198
-5.3019
-4.0562
-2.2398
-4.1361
-4.0854
-6.0428
-5.5192
-5.2944
-8.4078
-9.2672
-8.025
-9.3313
-12.862
-9.1543
-11.106
-12.556
-8.9868
-12.352
-15.36
-13.449
-14.368
-19.134
-18.044
-16.895
-22.198
-18.777
-18.444
-19.311
-18.261
-15.897
-18.876
-14.261
-12.854
-13.771
-8.7669
-6.7922
-4.1023
-3.3416
-3.4384
-3.8699
-2.6007
-1.1348
0.89691
1.4641
2.6244
1.2473
1.1684
2.42
0.44146
0.3797
-0.1585
-0.43597
1.3692
0.78281
0.19688
1.2497
1.1408
0.34062
0.43158
1.8611
3.1883
3.6295
-0.0013989
0.64312
1.3677
0.41632
1.0092
2.2163
2.8866
0.22995
-1.3849
2.8952
4.7879
2.914
0.28187
0.17478
4.0785
2.9311
3.4713
2.577
3.0915
4.1641
1.462
7.1628
4.5075
6.7099
2.3748
3.8089
5.0414
6.9621
7.3628
10.163
7.9203
8.0855
9.8237
10.413
12.29
11.471
12.551
11.782
15.567
18.698
16.339
20.484
18.099
19.49
19.48
18.653
22.077
21.909
22.285
22.324
18.852
16.939
16.467
14.972
9.0634
8.6011
2.9984
3.3817
4.0107
2.8887
1.5074
-0.70566
0.31868
-1.0533
-2.7653
-1.0208
-3.0178
-3.6765
-2.5292
-3.9723
-4.0131
-1.0836
-0.85743
-1.5705
-3.508
-1.2029
-1.3938
-4.9828
-2.4631
-3.5174
-0.9845
-6.1268
-5.0464
-3.7583
-0.23062
0.056123
-3.4161
-1.9367
-1.1532
-6.4871
-4.2436
-7.3717
-2.0228
-6.3438
-6.2633
-5.1387
-7.2358
-6.8535
-6.2324
-6.2908
-5.2271
-7.6566
-9.2941
-8.8953
-10.792
-11.702
-10.801
-12.346
-11.238
-14.973
-16.145
-14.757
-16.912
-14.342
-18.556
-19.554
-18.218
-16.201
-18.857
-14.24
-15.972
-15.304
-16.249
-14.367
-15.255
-12.054
-7.7486
-6.8836
-7.1439
-5.9179
-4.7551
-5.0026
-4.394
-3.2736
-2.4965
-0.87091
-0.86221
-2.4128
-2.0039
-0.27254
-0.32161
-0.21282
3.0963
-0.78097
0.8726
0.41182
-0.58552
-1.7624
3.163
0.93268
-0.45322
0.2534
-3.6946
-0.28596
0.66836
-4.0953
-1.4457
-0.77418
-0.87204
-4.0661
-1.1869
0.031156
0.4213
-3.9091
0.56868
-3.1584
-3.0153
-2.9366
-4.1061
-0.96217
-3.5648
-3.5517
-3.4224
-4.8876
-1.3444
-2.1747
-3.1696
-5.2952
-4.1969
-7.1224
-1.9533
-6.8503
-4.5084
-8.1734
-6.3117
-4.7222
-10.953
-8.8467
-11.618
-10.644
-13.146
-10.894
-12.933
-15.785
-14.321
-19.296
-19.714
-14.778
-18.709
-20.997
-21.759
-19.496
-21.753
-19.881
-17.237
-16.911
-16.585
-15.971
-14.616
-11.043
-8.2727
-5.6471
-1.3298
-3.3454
0.39805
0.1933
0.14196
-0.11513
2.5333
3.6777
6.1399
1.7323
6.118
6.5941
1.4679
2.0892
4.9306
2.1186
3.7322
1.2845
3.8307
1.1561
1.9855
3.2989
4.6945
2.2632
2.674
2.2517
2.6102
6.2395
1.954
4.5439
5.7657
2.8731
1.9025
2.8086
4.8463
7.5001
5.2745
6.9848
6.283
8.8041
6.628
6.8607
10.42
5.8972
8.7262
9.0764
9.7829
10.808
11.124
11.738
14.74
14.541
13.907
16.966
13.766
16.774
16.609
20.746
17.586
17.281
16.196
15.2
14.417
15.251
11.013
15.364
12.198
10.564
10.242
9.7692
5.9366
8.6962
5.291
5.2632
0.75985
-0.90808
0.72767
1.5839
-0.5488
1.7645
-1.7841
-0.81445
-1.656
-3.2508
-0.84757
-1.0158
-0.48052
1.6008
-0.23789
0.43624
0.84446
-1.3486
1.3777
1.5572
1.5212
-1.8753
-0.30069
0.31503
4.7045
2.963
1.4093
1.9407
3.2206
0.68098
-2.3293
1.8344
1.4636
0.73851
2.1946
0.86146
3.3253
3.233
4.2553
4.4711
5.9214
4.2456
6.444
4.7725
4.3136
4.0269
3.913
6.4127
5.1752
6.7382
7.56
8.8168
7.7643
8.6199
11.009
12.729
11.887
14.342
16.569
16.463
14.744
17.371
19.734
21.867
20.254
19.445
18.299
17.913
22.665
16.911
15.696
14.587
16.362
10.286
10.139
7.931
6.95
3.7886
4.5352
2.8202
-0.39521
0.042792
2.2723
-0.43311
-1.314
-3.2189
-3.705
-0.10432
-0.73432
-2.6063
-2.8836
-3.1111
-2.8386
-2.5713
-3.1241
-2.2943
-0.29384
-1.4302
-6.0035
-3.2914
-1.8553
-0.77422
-2.6954
-1.8738
-1.5428
-3.8907
-4.8855
-2.4118
-1.7664
-4.0498
-3.8334
-4.4494
0.010687
-4.0505
-6.5214
-6.3595
-5.638
-3.9142
-4.4199
-6.9468
-8.593
-4.457
-8.1353
-8.0551
-7.799
-7.1922
-11.281
-11.81
-10.916
-11.991
-14.291
-16.217
-15.403
-15.379
-14.708
-13.606
-14.586
-15.474
-17.649
-19.248
-18.737
-17.464
-20.013
-17.707
-17.039
-16.462
-13.221
-13.149
-10.998
-9.2526
-6.8352
-5.0943
-5.6296
-4.649
-1.7932
-1.4795
-1.7743
-0.36093
0.5275
-0.71202
-0.85768
2.4772
1.0061
1.592
1.5164
1.1922
0.86501
2.7025
2.0541
-0.066206
1.4862
1.005
1.4148
2.0388
-0.35037
1.1917
0.70085
-2.2939
0.78994
0.58058
-2.0119
-0.33997
-0.52398
-1.453
-0.34582
-0.50072
1.5734
0.53424
0.44724
1.4882
-0.40983
-0.064687
-1.0091
-1.0644
2.2429
0.52462
-1.1856
0.51087
2.263
1.2731
0.0013647
0.59126
0.20859
0.58125
2.5576
1.2316
2.4257
1.6677
-0.14098
2.5896
2.8212
1.3766
1.0574
3.4882
2.9787
4.4152
5.6295
0.83585
4.5707
5.8197
2.7804
4.5752
5.8943
7.5512
8.0339
8.8326
7.7118
7.6452
11.729
13.975
13.686
14.462
11.805
17.31
16.068
22.622
18.268
21.266
24.292
22.732
26.348
24.009
24.212
24.591
21.047
17.651
16.27
15.574
11.153
11.618
7.7951
3.3961
0.3436
2.8595
-0.12107
-5.1935
-3.2913
-3.7334
-7.2367
-5.0601
-6.5349
-5.7627
-6.5839
-4.0667
-8.3335
-6.9858
-4.4383
-5.5852
-6.0691
-5.3432
-4.9759
-6.4826
-3.8362
-6.4473
-4.9478
-5.2248
-7.2907
-5.1311
-7.2565
-6.1296
-7.6304
-4.8867
-4.9901
-9.1304
-10.52
-8.012
-8.9369
-7.7976
-7.1551
-8.7529
-5.0221
-11.291
-12.662
-12.998
-11.831
-11.806
-12.865
-16.092
-13.402
-12.551
-13.688
-13.733
-11.141
-15.604
-11.169
-15.613
-14.582
-12.339
-14.334
-13.499
-14.717
-10.151
-10.071
-7.7971
-7.294
-6.0052
-9.0244
-7.011
-3.7642
-5.0138
-6.2986
-5.88
-4.9545
-4.6901
-5.0036
-4.5573
-3.7149
-3.4654
-3.6138
-2.3489
-3.7034
-6.2861
-1.2724
-0.57609
-0.27957
-2.6014
-4.2895
-4.6521
-1.0282
-4.3498
-5.2564
-4.7576
-3.0087
-8.2627
-4.4475
-6.7345
-6.1208
-6.5366
-7.2636
-8.3934
-4.6064
-9.2551
-8.7778
-8.5232
-9.9812
-9.968
-10.012
-11.325
-11.033
-14.466
-13.878
-12.914
-15.058
-13.645
-14.651
-14.224
-15.913
-12.154
-15.542
-16.315
-14.39
-16.102
-14.497
-8.4176
-9.508
-11.664
-10.839
-12.592
-9.4818
-9.853
-6.2319
-4.8147
-7.089
-6.8668
-5.3641
-0.17089
-6.5162
-3.2171
-2.5838
-5.9567
-4.4155
-4.873
-4.676
-1.0028
-3.16
-3.7712
-2.1565
-2.6352
-2.4148
-0.5823
-0.47101
0.060536
-3.3665
-1.8204
-1.7398
-5.4038
-1.7554
-3.6684
-3.3404
-4.5026
-3.1946
-4.6166
-6.5779
-5.3487
-6.6516
-6.9098
-4.1896
-7.4735
-3.6912
-12.192
-10.301
-8.7673
-10.506
-12.687
-7.9134
-10.946
-10.565
-10.933
-14.369
-14.295
-10.74
-12.696
-16.835
-16.236
-17.336
-16.768
-15.156
-17.021
-14.64
-15.313
-13.687
-14.821
-11.143
-11.91
-11.117
-13.616
-11.816
-6.937
-6.3892
-6.7807
-4.5952
-2.1963
-4.6765
-2.9458
-5.4088
-2.5021
-2.2017
-2.1834
1.0311
-4.4834
-1.3713
-3.0702
2.5792
-0.82032
-3.2772
-1.0606
-2.7837
-2.9365
-1.1432
-3.3441
-1.0199
-6.6871
-1.3251
-2.6448
-0.38922
-0.65197
-3.0543
-3.2712
-4.344
-4.7873
-5.9164
-4.2055
-2.3033
-8.1453
-5.9269
-7.1647
-8.0001
-5.8786
-5.5863
-6.3918
-7.7338
-11.16
-7.4196
-9.0754
-11.783
-14.022
-13.732
-11.417
-10.865
-13.838
-16.179
-16.997
-15.652
-15.793
-16.313
-18.821
-16.898
-15.787
-15.769
-15.807
-12.878
