-1.8985
-2.0545
-2.2094
-2.3653
-2.524
-2.6876
-2.8578
-3.0368
-3.2261
-3.4269
-3.6408
-3.8693
-4.1141
-4.3772
-4.6598
-4.9633
-5.2889
-5.6375
-6.01
-6.4071
-6.8292
-7.2767
-7.7467
-8.2382
-8.7506
-9.2819
-9.8279
-10.383
-10.94
-11.488
-12.018
-12.516
-12.967
-13.361
-13.686
-13.925
-14.071
-14.115
-14.054
-13.887
-13.615
-13.245
-12.785
-12.249
-11.649
-11.004
-10.326
-9.6319
-8.9348
-8.2465
-7.5768
-6.9336
-6.3233
-5.7501
-5.2168
-4.7252
-4.2759
-3.8685
-3.5016
-3.1735
-2.8824
-2.626
-2.402
-2.2077
-2.041
-1.8999
-1.7822
-1.6857
-1.6085
-1.5488
-1.5056
-1.4777
-1.4641
-1.4635
-1.4751
-1.4984
-1.5333
-1.5795
-1.6369
-1.7055
-1.7852
-1.8765
-1.9798
-2.0957
-2.225
-2.3685
-2.527
-2.7016
-2.8936
-3.1043
-3.3352
-3.5876
-3.8632
-4.1634
-4.4901
-4.8448
-5.2295
-5.6461
-6.0964
-6.5806
-7.0993
-7.6537
-8.2428
-8.8642
-9.5141
-10.187
-10.875
-11.569
-12.258
-12.926
-13.555
-14.128
-14.625
-15.025
-15.311
-15.463
-15.47
-15.326
-15.035
-14.604
-14.044
-13.373
-12.611
-11.779
-10.902
-10.002
-9.0993
-8.2101
-7.3489
-6.5265
-5.7505
-5.026
-4.3556
-3.7406
-3.1804
-2.6732
-2.2164
-1.8066
-1.4405
-1.1144
-0.82459
-0.56693
-0.33775
-0.13375
0.048312
0.21163
0.35924
0.4937
0.61728
0.7322
0.84066
0.94465
1.0457
1.1454
1.2451
1.3465
1.451
1.5598
1.674
1.7948
1.9234
2.0613
2.21
2.3706
2.5444
2.7326
2.9369
3.1587
3.4
3.6626
3.9483
4.2587
4.5957
4.961
5.3562
5.7829
6.2425
6.7364
7.2642
7.8259
8.4212
9.0482
9.7024
10.378
11.065
11.755
12.435
13.09
13.701
14.249
14.715
15.079
15.324
15.437
15.404
15.221
14.89
14.422
13.833
13.139
12.361
11.522
10.645
9.7502
8.8563
7.9801
7.1343
6.3291
5.5715
4.866
4.215
3.6186
3.0761
2.5855
2.1444
1.749
1.3959
1.0817
0.80291
0.55568
0.33623
0.1406
-0.034374
-0.19128
-0.33279
-0.46152
-0.58003
-0.69046
-0.79461
-0.89422
-0.99102
-1.0867
-1.1828
-1.2803
-1.3806
-1.4849
-1.5945
-1.7109
-1.8351
-1.9681
-2.1112
-2.2655
-2.4327
-2.6143
-2.8118
-3.0267
-3.2603
-3.5144
-3.7906
-4.091
-4.4175
-4.7722
-5.1562
-5.5719
-6.0211
-6.5053
-7.0246
-7.579
-8.1674
-8.7879
-9.4382
-10.113
-10.805
-11.505
-12.201
-12.878
-13.52
-14.107
-14.622
-15.039
-15.339
-15.505
-15.528
-15.402
-15.128
-14.709
-14.157
-13.489
-12.725
-11.89
-11.008
-10.1
-9.1883
-8.2894
-7.4176
-6.5841
-5.7968
-5.0611
-4.3801
-3.7552
-3.1859
-2.67
-2.205
-1.7878
-1.415
-1.0828
-0.78697
-0.52387
-0.28992
-0.081548
0.10477
0.27244
0.42421
0.56256
0.68996
0.80883
0.9215
1.0298
1.1353
1.2396
1.3443
1.4511
1.5615
1.6764
1.7971
1.9249
2.0613
2.2077
2.3655
2.5358
2.72
2.9194
3.1357
3.3707
3.6261
3.9038
4.2053
4.5325
4.887
5.2703
5.6841
6.1298
6.6087
7.1209
7.666
8.2442
8.8538
9.4911
10.15
10.824
11.503
12.175
12.827
13.441
13.999
14.482
14.871
15.15
15.303
15.317
15.187
14.91
14.495
13.957
13.311
12.575
11.772
10.924
10.051
9.1719
8.3046
7.4626
6.6566
5.8948
5.1824
4.5226
3.9164
3.3633
2.862
2.4104
2.0052
1.6429
1.3205
1.0343
0.78102
0.55682
0.35795
0.18086
0.023028
-0.11816
-0.24526
-0.36077
-0.4669
-0.56545
-0.65815
-0.74668
-0.8327
-0.91757
-1.0024
-1.0885
-1.1769
-1.269
-1.3658
-1.4685
-1.5778
-1.6949
-1.821
-1.9573
-2.1054
-2.2663
-2.4412
-2.6316
-2.839
-3.065
-3.3116
-3.5807
-3.8741
-4.1939
-4.542
-4.9203
-5.3306
-5.7746
-6.2539
-6.77
-7.3232
-7.9127
-8.5385
-9.1985
-9.8882
-10.601
-11.327
-12.054
-12.77
-13.458
-14.095
-14.661
-15.134
-15.494
-15.722
-15.802
-15.724
-15.482
-15.083
-14.54
-13.872
-13.098
-12.243
-11.331
-10.388
-9.4348
-8.491
-7.5732
-6.6937
-5.8619
-5.0841
-4.3637
-3.7019
-3.0981
-2.5506
-2.0569
-1.6137
-1.2167
-0.86205
-0.54595
-0.2644
-0.013278
0.21167
0.41469
0.59889
0.76689
0.92135
1.065
1.2007
1.3312
1.4587
1.5845
1.7105
1.8385
1.9702
2.1074
2.2515
2.4037
2.5655
2.7383
2.9238
3.1238
3.3398
3.5731
3.8252
4.0975
4.3917
4.7095
5.0528
5.4227
5.8203
6.2474
6.7047
7.1924
7.7096
8.255
8.8262
9.4201
10.032
10.656
11.282
11.9
12.497
13.06
13.572
14.019
14.383
14.645
14.793
14.818
14.717
14.49
14.14
13.676
13.111
12.46
11.743
10.979
10.186
9.3839
8.5866
7.8074
7.0568
6.3428
5.6712
5.0455
4.468
3.9392
3.4586
3.0245
2.6346
2.2864
1.9771
1.7035
1.4624
1.2508
1.0659
0.90485
0.76493
0.64344
0.53833
0.44772
0.36979
0.30274
0.2449
0.19504
0.15215
0.11522
0.08328
0.055423
0.031007
0.0094963
-0.0096328
-0.026882
-0.042693
-0.057387
-0.071272
-0.084641
-0.097769
-0.11087
-0.12416
-0.13783
-0.15211
-0.16719
-0.18324
-0.20044
-0.219
-0.23912
-0.26106
-0.28505
-0.31131
-0.3401
-0.37172
-0.40651
-0.44486
-0.48718
-0.53395
-0.58558
-0.64259
-0.70556
-0.77518
-0.85223
-0.93757
-1.0322
-1.1371
-1.2534
-1.3822
-1.5249
-1.6829
-1.8582
-2.0526
-2.2682
-2.5075
-2.7727
-3.0665
-3.3921
-3.7523
-4.1505
-4.5898
-5.0739
-5.6061
-6.1902
-6.8275
-7.5213
-8.2736
-9.0838
-9.948
-10.859
-11.808
-12.781
-13.757
-14.712
-15.614
-16.429
-17.116
-17.64
-17.959
-18.045
-17.885
-17.48
-16.838
-15.984
-14.949
-13.776
-12.509
-11.19
-9.8588
-8.5462
-7.2775
-6.0714
-4.9403
-3.8916
-2.929
-2.0523
-1.2585
-0.54288
0.099709
0.67515
1.1898
1.6509
2.0651
2.4379
2.7749
3.0814
3.3632
3.6256
3.873
4.1086
4.3354
4.5565
4.7749
4.9938
5.2153
5.441
5.6721
5.9098
6.1553
6.4097
6.6739
6.9481
7.232
7.5251
7.8265
8.1351
8.4492
8.7671
9.0867
9.406
9.7209
10.027
10.319
10.593
10.845
11.069
11.262
11.42
11.538
11.612
11.642
11.624
11.558
11.444
11.285
11.083
10.843
10.569
10.267
9.9417
9.5988
9.2445
8.8845
8.5239
8.1671
7.8186
7.4818
7.1603
6.8567
6.5728
6.3102
6.07
5.853
5.6598
5.4904
5.3447
5.2223
5.1229
5.0461
4.9915
4.9587
4.947
4.9559
4.9844
5.0314
5.0973
5.1825
5.2873
5.4118
5.5558
5.719
5.9009
6.1009
6.3181
6.5515
6.8
7.0641
7.3436
7.6377
7.945
8.264
8.5921
8.9268
9.2649
9.6025
9.9361
10.262
10.573
10.865
11.132
11.369
11.57
11.731
11.847
11.915
11.931
11.894
11.804
11.66
11.466
11.226
10.946
10.632
10.287
9.919
9.5353
9.142
8.7451
8.35
7.9617
7.5849
7.2236
6.8808
6.5588
6.2594
5.9842
5.734
5.5094
5.3105
5.1369
4.9883
4.8643
4.7644
4.6879
4.6343
4.6027
4.5923
4.6026
4.6333
4.6844
4.7555
4.8464
4.9566
5.0859
5.2337
5.3998
5.5846
5.7884
6.0111
6.2525
6.5123
6.79
7.0849
7.3961
7.7218
8.0607
8.4114
8.772
9.1397
9.5109
9.8816
10.247
10.601
10.937
11.249
11.529
11.774
11.976
12.127
12.225
12.265
12.246
12.167
12.029
11.833
11.583
11.285
10.944
10.567
10.163
9.7395
9.3031
8.8618
8.4222
7.9903
7.5711
7.1689
6.7872
6.4287
6.0953
5.7882
5.5083
5.2561
5.0318
4.8349
4.6649
4.5209
4.4024
4.3087
4.2388
4.1921
4.1677
4.1645
4.1813
4.2178
4.2742
4.3507
4.4473
4.564
4.7006
4.8568
5.0322
5.2262
5.4385
5.6701
5.9215
6.193
6.4843
6.7952
7.1249
7.4724
7.8365
8.2155
8.6072
9.0089
9.417
9.8275
10.235
10.634
11.018
11.379
11.712
12.008
12.259
12.455
12.591
12.662
12.666
12.602
12.47
12.271
12.008
11.688
11.317
10.903
10.454
9.9818
9.4936
8.9986
8.5047
8.019
7.5475
7.0951
6.6656
6.2624
5.8872
5.5415
5.2259
4.941
4.6865
4.462
4.2665
4.099
3.9585
3.8441
3.7547
3.6891
3.6461
3.6243
3.6227
3.6414
3.6802
3.7391
3.8179
3.9161
4.0335
4.1695
4.3234
4.4957
4.6875
4.8995
5.132
5.3854
5.66
5.9561
6.2737
6.6123
6.9707
7.3494
7.7485
8.1668
8.6022
9.0515
9.5106
9.9743
10.436
10.89
11.326
11.739
12.119
12.454
12.736
12.957
13.108
13.184
13.181
13.095
12.927
12.68
12.358
11.97
11.526
11.036
10.51
9.9606
9.3984
8.8331
8.2734
7.7267
7.1996
6.6976
6.2241
5.7821
5.3734
4.9991
4.6595
4.3541
4.0819
3.8419
3.6329
3.4535
3.3021
3.1768
3.0764
2.9996
2.9454
2.9125
2.8999
2.9064
2.931
2.9733
3.0333
3.1108
3.2057
3.3181
3.4479
3.5952
3.7607
3.9451
4.149
4.3733
4.6187
4.886
5.1758
5.489
5.8247
6.1843
6.5692
6.9801
7.4166
7.8776
8.3608
8.8632
9.3808
9.9088
10.441
10.972
11.492
11.99
12.455
12.875
13.239
13.534
13.749
13.876
13.907
13.835
13.66
13.387
13.023
12.578
12.061
11.487
10.87
10.223
9.5603
8.8938
8.2354
7.5944
6.9784
6.3935
5.844
5.3329
4.8617
4.4308
4.0396
3.6875
3.3731
3.0946
2.8497
2.6366
2.4531
2.297
2.1662
2.0585
1.9721
1.9056
1.8578
1.8273
1.813
1.8136
1.8281
1.8562
1.8977
1.9524
2.0203
2.1012
2.1951
2.3023
2.4236
2.5596
2.711
2.8787
3.0637
3.2669
3.4896
3.7333
3.9993
4.2894
4.6048
4.9469
5.3171
5.7165
6.1463
6.6077
7.1017
7.6272
8.183
8.7681
9.3794
10.012
10.658
11.309
11.954
12.581
13.174
13.715
14.187
14.572
14.855
15.021
15.06
14.964
14.73
14.364
13.877
13.284
12.604
11.854
11.056
10.228
9.3902
8.5579
7.7453
6.9634
6.2208
5.5235
4.875
4.2771
3.73
3.233
2.7843
2.3813
2.021
1.7004
1.4164
1.1656
0.94458
0.74983
0.57819
0.42719
0.2943
0.17708
0.073144
-0.019635
-0.10289
-0.17819
-0.24705
-0.31097
-0.3712
-0.42873
-0.48454
-0.5396
-0.59485
-0.6511
-0.70902
-0.76933
-0.8328
-0.90027
-0.97252
-1.0502
-1.1341
-1.2249
-1.3236
-1.4312
-1.5488
-1.6776
-1.8184
-1.9726
-2.1414
-2.3264
-2.5294
-2.7523
-2.9969
-3.2653
-3.5595
-3.8818
-4.2345
-4.6198
-5.0403
-5.4984
-5.9966
-6.5358
-7.1177
-7.7439
-8.4142
-9.1259
-9.8746
-10.654
-11.454
-12.264
-13.068
-13.844
-14.572
-15.224
-15.775
-16.199
-16.469
-16.562
-16.469
-16.189
-15.73
-15.102
-14.328
-13.434
-12.449
-11.406
-10.333
-9.2568
-8.1998
-7.1792
-6.208
-5.2953
-4.4467
-3.6649
-2.9503
-2.3016
-1.7152
-1.1873
-0.71353
-0.28934
0.090291
0.43069
0.73679
1.0129
1.2633
1.4922
1.704
1.9024
2.0903
2.2706
2.446
2.6194
2.7935
2.9705
3.1522
3.3402
3.5365
3.743
3.9617
4.1943
4.442
4.706
4.9875
5.2878
5.608
5.9493
6.3123
6.6971
7.104
7.5327
7.9818
8.4495
8.9328
9.4282
9.9312
10.437
10.937
11.423
11.886
12.316
12.701
13.032
13.297
13.488
13.594
13.608
13.528
13.355
13.093
12.749
12.328
11.843
11.305
10.726
10.12
9.4981
8.8732
8.2552
7.6529
7.0735
6.5226
6.0043
5.5216
5.0759
4.6677
4.2972
3.9638
3.6664
3.4033
3.1729
2.9733
2.8028
2.6594
2.5413
2.4463
2.3728
2.3199
2.2866
2.2718
2.2745
2.2937
2.3281
2.3775
2.442
2.5216
2.6165
2.7268
2.8529
2.9949
3.1536
3.3298
3.5245
3.7386
3.9731
4.2293
4.5082
4.8111
5.1388
5.4923
5.8734
6.2832
6.7221
7.1899
7.6857
8.2079
8.7544
9.3221
9.9069
10.502
11.1
11.69
12.261
12.801
13.293
13.727
14.083
14.347
14.505
14.55
14.476
14.286
13.978
13.562
13.049
12.451
11.786
11.073
10.327
9.5674
8.8077
8.0612
7.3384
6.6475
5.9948
5.3843
4.8186
4.2989
3.8252
3.3965
3.0109
2.6662
2.36
2.0895
1.8519
1.6443
1.4641
1.3087
1.1755
1.0621
0.96667
0.8873
0.82224
0.76985
0.72879
0.69802
0.67655
0.66348
0.65801
0.65961
0.66793
0.68265
0.70348
0.73019
0.76271
0.80117
0.84574
0.89664
0.95412
1.0185
1.0903
1.17
1.2583
1.3559
1.4635
1.5823
1.713
1.857
2.0159
2.1911
2.3838
2.5954
2.8274
3.0817
3.3605
3.6659
4.0005
4.3671
4.7687
5.2084
5.6858
6.2032
6.7646
7.3724
8.0267
8.7257
9.4655
10.24
11.043
11.862
12.687
13.497
14.27
14.981
15.603
16.108
16.471
16.666
16.674
16.487
16.109
15.553
14.834
13.979
13.016
11.977
10.893
9.7941
8.7041
7.6437
6.6284
5.6696
4.7742
3.9462
3.1869
2.4957
1.8701
1.3061
0.7993
0.34514
-0.061391
-0.42556
-0.75284
-1.0481
-1.3155
-1.5594
-1.7839
-1.9932
-2.1912
-2.3805
-2.5641
-2.7444
-2.9244
-3.1066
-3.2933
-3.4862
-3.6869
-3.8972
-4.1188
-4.3538
-4.6038
-4.87
-5.1534
-5.4549
-5.7756
-6.1162
-6.4774
-6.8597
-7.262
-7.6842
-8.1254
-8.5835
-9.0556
-9.5378
-10.025
-10.511
-10.988
-11.451
-11.888
-12.29
-12.644
-12.943
-13.176
-13.336
-13.415
-13.409
-13.313
-13.13
-12.86
-12.512
-12.095
-11.62
-11.096
-10.536
-9.9526
-9.3575
-8.7606
-8.171
-7.5969
-7.0453
-6.5211
-6.0281
-5.569
-5.1457
-4.7587
-4.4082
-4.0931
-3.8126
-3.5652
-3.3495
-3.1639
-3.0063
-2.8751
-2.7687
-2.686
-2.6255
-2.5858
-2.5654
-2.563
-2.5781
-2.6104
-2.6595
-2.7252
-2.8072
-2.9052
-3.0193
-3.1499
-3.2976
-3.463
-3.6469
-3.85
-4.0731
-4.3172
-4.5828
-4.8711
-5.1837
-5.5216
-5.8858
-6.2767
-6.6942
-7.1383
-7.6082
-8.1029
-8.621
-9.1589
-9.7125
-10.276
-10.843
-11.404
-11.949
-12.466
-12.944
-13.368
-13.722
-13.993
-14.169
-14.243
-14.21
-14.068
-13.817
-13.462
-13.012
-12.48
-11.878
-11.224
-10.535
-9.8242
-9.1079
-8.3983
-7.7061
-7.0398
-6.4063
-5.8103
-5.255
-4.7423
-4.273
-3.8468
-3.4624
-3.1181
-2.8118
-2.5413
-2.304
-2.0973
-1.9189
-1.7666
-1.6379
-1.5307
-1.4427
-1.3726
-1.3187
-1.2799
-1.2546
-1.2418
-1.2406
-1.2505
-1.271
-1.3018
-1.3425
-1.3929
-1.453
-1.5231
-1.6035
-1.6947
-1.797
-1.9112
-2.0378
-2.178
-2.3325
-2.5026
-2.6895
-2.8945
-3.1192
-3.3651
-3.6341
-3.9275
-4.2473
-4.5961
-4.9761
-5.389
-5.8363
-6.319
-6.8377
-7.3927
-7.9838
-8.6105
-9.2718
-9.9618
-10.673
-11.397
-12.123
-12.834
-13.514
-14.144
-14.704
-15.166
-15.51
-15.719
-15.779
-15.684
-15.43
-15.022
-14.47
-13.791
-13.008
-12.148
-11.233
-10.289
-9.3386
-8.3998
-7.4881
-6.6158
-5.7915
-5.021
-4.308
-3.6536
-3.0572
-2.5167
-2.0293
-1.5917
-1.2002
-0.85084
-0.53913
-0.26114
-0.013
0.20914
0.40912
0.59043
0.75591
0.90835
1.0505
1.185
1.3142
1.4401
1.5644
1.6889
1.8155
1.9462
2.0822
2.2248
2.3756
2.5359
2.7073
2.8917
3.0905
3.3049
3.5364
3.7865
4.0569
4.3493
4.6656
5.0071
5.3754
5.772
6.198
6.654
7.1399
7.6555
8.1998
8.7712
9.3658
9.9791
10.605
11.234
11.858
12.462
13.032
13.555
14.013
14.387
14.658
14.817
14.854
14.766
14.551
14.21
13.754
13.193
12.545
11.829
11.063
10.268
9.4607
8.6575
7.8717
7.1137
6.3922
5.7128
5.0796
4.4946
3.9588
3.4715
3.0312
2.6355
2.2819
1.9676
1.6893
1.4439
1.2283
1.0397
0.87522
0.732
0.60733
0.49911
0.40544
0.32447
0.25438
0.19341
0.14029
0.093968
0.053434
0.017689
-0.014228
-0.043031
-0.069287
-0.093559
-0.11639
-0.13828
-0.15959
-0.1807
-0.20196
-0.22372
-0.24631
-0.26998
-0.29503
-0.32176
-0.35051
-0.38163
-0.41542
-0.45221
-0.49235
-0.53627
-0.58444
-0.6374
-0.69572
-0.7599
-0.83055
-0.90837
-0.99416
-1.0888
-1.1935
-1.3091
-1.4371
-1.5785
-1.7348
-1.9075
-2.0983
-2.3092
-2.5425
-2.8006
-3.0859
-3.4008
-3.7487
-4.1325
-4.5554
-5.0203
-5.5301
-6.0878
-6.6962
-7.3575
-8.0712
-8.8386
-9.6579
-10.524
-11.427
-12.354
-13.288
-14.209
-15.086
-15.889
-16.582
-17.13
-17.502
-17.667
-17.603
-17.304
-16.777
-16.045
-15.13
-14.071
-12.905
-11.672
-10.409
-9.1486
-7.9182
-6.7382
-5.6232
-4.5828
-3.6214
-2.7406
-1.9399
-1.2162
-0.56465
0.020198
0.5441
1.0131
1.4333
1.8114
2.1534
2.4642
2.7484
3.0108
3.2561
3.4889
3.7129
3.9307
4.1451
4.3586
4.574
4.7938
5.02
5.2539
5.4967
5.7494
6.0132
6.2889
6.5775
6.8791
7.1933
7.5196
7.8569
8.2039
8.5586
8.9189
9.2819
9.6446
10.002
10.35
10.683
10.994
11.278
11.53
11.744
11.914
12.036
12.104
12.116
12.069
11.965
11.804
11.592
11.332
11.028
10.687
10.315
9.9212
9.5107
9.0909
8.6685
8.2498
7.8401
7.4439
7.0651
6.7068
6.3716
6.0611
5.7767
5.5188
5.2875
5.0828
4.9045
4.7521
4.6251
4.5227
4.4434
4.3867
4.3525
4.3405
4.3503
4.3815
4.4333
4.5052
4.5963
4.7057
4.8331
4.9796
5.1453
5.3305
5.5352
5.7594
6.003
6.2656
6.5471
6.8465
7.1634
7.4975
7.848
8.2132
8.5909
8.9782
9.3713
9.7659
10.157
10.539
10.907
11.254
11.571
11.852
12.09
12.278
12.412
12.486
12.496
12.442
12.321
12.135
11.888
11.587
11.237
10.847
10.424
9.9764
9.5136
9.0433
8.5728
8.1085
7.6561
7.2207
6.8067
6.4167
6.0531
5.7174
5.4108
5.1337
4.8861
4.6673
4.4768
4.3138
4.1774
4.0667
3.9806
3.918
3.8778
3.8594
3.8623
3.8861
3.9301
3.994
4.0771
4.1788
4.2992
4.4387
4.5976
4.776
4.9743
5.1926
5.4311
5.6898
5.9686
6.2679
6.5881
6.9291
7.2904
7.6708
8.0684
8.481
8.9058
9.3394
9.778
10.216
10.648
11.066
11.464
11.831
12.161
12.445
12.675
12.843
12.94
12.963
12.908
12.777
12.574
12.3
11.961
11.566
11.124
10.643
10.135
9.6083
9.0743
8.5413
8.017
7.5081
7.0202
6.5575
6.1232
5.7197
5.3479
5.0086
4.7018
4.4274
4.1847
3.9724
3.7894
3.6343
3.5061
3.4035
3.3252
3.2697
3.2358
3.2219
3.2279
3.2535
3.2984
3.3624
3.4449
3.5457
3.6643
3.8002
3.9545
4.1277
4.3204
4.5333
4.7668
5.0216
5.2981
5.5967
5.9171
6.2607
6.6282
7.0197
7.4345
7.8713
8.3279
8.8015
9.2885
9.7846
10.285
10.783
11.27
11.736
12.173
12.569
12.914
13.197
13.41
13.541
13.583
13.532
13.389
13.155
12.838
12.443
11.981
11.462
10.899
10.304
9.6907
9.0703
8.4535
7.8496
7.2662
6.7094
6.1838
5.6926
5.2379
4.8203
4.4401
4.097
3.7901
3.518
3.2789
3.0711
2.8929
2.7425
2.6179
2.5172
2.4385
2.3805
2.3425
2.3234
2.3223
2.3382
2.3701
2.417
2.4791
2.5564
2.6491
2.7575
2.8817
3.0222
3.1793
3.3538
3.5468
3.7592
3.992
4.2463
4.5232
4.8239
5.1496
5.5009
5.8789
6.2852
6.7202
7.1841
7.6757
8.1937
8.7355
9.2981
9.8774
10.467
11.059
11.644
12.21
12.745
13.235
13.665
14.021
14.287
14.448
14.497
14.429
14.245
13.948
13.542
13.039
12.453
11.8
11.096
10.361
9.6093
8.8571
8.1169
7.3995
6.713
6.0638
5.4561
4.8924
4.3741
3.9014
3.4733
3.0882
2.7439
2.4379
2.1677
1.9304
1.7233
1.5436
1.389
1.2569
1.1448
1.051
0.97351
0.91069
0.86091
0.82286
0.79551
0.77795
0.76931
0.76878
0.77582
0.79017
0.81156
0.83982
0.87477
0.91633
0.96467
1.0201
1.0829
1.1534
1.2322
1.3197
1.4167
1.5239
1.6423
1.7726
1.916
2.0737
2.2472
2.4378
2.6474
2.8777
3.1306
3.408
3.7121
4.0449
4.4086
4.8055
5.2379
5.7082
6.2191
6.7724
7.3676
8.0059
8.6869
9.4076
10.163
10.944
11.742
12.543
13.33
14.082
14.775
15.383
15.88
16.243
16.447
16.473
16.312
15.966
15.449
14.773
13.963
13.045
12.05
11.006
9.9427
8.8837
7.8496
6.8562
5.915
5.0339
4.2169
3.466
2.7811
2.1602
1.5999
1.0961
0.64436
0.24011
-0.12159
-0.4459
-0.73788
-1.0017
-1.2414
-1.4608
-1.664
-1.8549
-2.0365
-2.2113
-2.382
-2.5511
-2.7212
-2.8948
-3.0736
-3.2593
-3.4535
-3.658
-3.8748
-4.1058
-4.3522
-4.6155
-4.8966
-5.1969
-5.5174
-5.8593
-6.2236
-6.6103
-7.0195
-7.4514
-7.905
-8.3787
-8.8695
-9.3738
-9.8869
-10.403
-10.916
-11.418
-11.897
-12.343
-12.745
-13.092
-13.373
-13.578
-13.699
-13.726
-13.656
-13.489
-13.228
-12.88
-12.456
-11.962
-11.413
-10.822
-10.202
-9.5649
-8.9238
-8.2894
-7.6707
-7.0752
-6.5089
-5.976
-5.4796
-5.0214
-4.6019
-4.2208
-3.8775
-3.571
-3.2997
-3.0615
-2.8545
-2.6769
-2.5269
-2.4023
-2.3012
-2.2216
-2.1621
-2.1217
-2.0995
-2.0944
-2.1054
-2.1315
-2.1719
-2.2266
-2.2958
-2.3793
-2.4775
-2.5905
-2.7185
-2.8621
-3.0221
-3.1994
-3.395
-3.61
-3.8453
-4.1023
-4.3822
-4.6862
-5.0152
-5.3712
-5.7558
-6.17
-6.614
-7.0879
-7.5909
-8.1219
-8.6793
-9.2605
-9.8607
-10.474
-11.091
-11.704
-12.299
-12.864
-13.383
-13.843
-14.224
-14.508
-14.684
-14.743
-14.679
-14.492
-14.181
-13.756
-13.227
-12.609
-11.92
-11.18
-10.406
-9.6175
-8.8292
-8.0548
-7.3053
-6.5894
-5.9136
-5.2818
-4.6968
-4.1598
-3.6706
-3.2278
-2.8295
-2.4732
-2.1564
-1.8759
-1.6287
-1.4119
-1.2226
-1.0582
-0.91572
-0.79262
-0.68683
-0.59647
-0.51968
-0.45467
-0.39977
-0.35384
-0.31581
-0.28469
-0.25952
-0.23948
-0.22402
-0.21261
-0.20477
-0.20008
-0.19825
-0.19907
-0.20234
-0.20789
-0.21559
-0.22543
-0.23741
-0.25154
-0.26786
-0.28643
-0.30739
-0.3309
-0.35715
-0.38637
-0.4188
-0.45473
-0.49452
-0.53858
-0.58727
-0.64102
-0.70035
-0.76587
-0.83829
-0.91836
-1.007
-1.105
-1.2137
-1.3341
-1.4671
-1.6141
-1.7767
-1.9566
-2.1557
-2.3762
-2.6205
-2.8909
-3.1899
-3.5204
-3.8858
-4.2889
-4.733
-5.2212
-5.7565
-6.342
-6.9807
-7.673
-8.4201
-9.2222
-10.076
-10.973
-11.903
-12.851
-13.798
-14.718
-15.58
-16.349
-16.99
-17.467
-17.747
-17.801
-17.616
-17.192
-16.547
-15.701
-14.687
-13.546
-12.315
-11.037
-9.7482
-8.478
-7.2509
-6.0843
-4.9903
-3.9755
-3.0428
-2.1928
-1.423
-0.72906
-0.10556
0.45319
0.95325
1.401
1.8032
2.1661
2.4948
2.7942
3.0694
3.3254
3.567
3.7979
4.0208
4.2388
4.4546
4.6711
4.8909
5.1159
5.3474
5.5867
5.8348
6.093
6.3622
6.6433
6.9362
7.2406
7.5559
7.8811
8.2148
8.5553
8.9005
9.2477
9.594
9.9349
10.265
10.581
10.876
11.145
11.384
11.586
11.748
11.864
11.93
11.942
11.9
11.804
11.655
11.458
11.216
10.932
10.613
10.265
9.8939
9.5071
9.1105
8.7104
8.3129
7.9231
7.5452
7.1831
6.8399
6.518
6.2193
5.9451
5.6962
5.4727
5.2748
5.1022
4.9547
4.832
4.7333
4.6575
4.6038
4.5721
4.5622
4.5739
4.6068
4.6605
4.7342
4.8275
4.9393
5.069
5.2169
5.3838
5.5697
5.7747
5.9988
6.2417
6.5029
6.782
7.0783
7.3904
7.7174
8.0585
8.412
8.7757
9.1466
9.5209
9.8941
10.261
10.617
10.953
11.267
11.55
11.796
11.997
12.149
12.248
12.288
12.27
12.19
12.05
11.852
11.6
11.298
10.953
10.573
10.166
9.7383
9.2988
8.8548
8.4127
7.9783
7.5568
7.1523
6.7686
6.4082
6.0731
5.7645
5.4834
5.2304
5.0053
4.8078
4.6372
4.4929
4.3742
4.2802
4.2101
4.1631
4.138
4.134
4.1507
4.1879
4.2454
4.3229
4.42
4.5364
4.6717
4.8256
4.9986
5.1912
5.4035
5.6357
5.8879
6.16
6.4518
6.7629
7.0921
7.4386
7.8022
8.1817
8.5751
8.9798
9.392
9.8072
10.22
10.624
11.013
11.379
11.716
12.016
12.269
12.469
12.61
12.687
12.696
12.636
12.505
12.306
12.042
11.719
11.344
10.927
10.476
9.9993
9.5078
9.0097
8.5127
8.0237
7.5486
7.0926
6.6599
6.2533
5.8748
5.5261
5.2081
4.9211
4.6648
4.4384
4.2411
4.0721
3.9303
3.8146
3.7237
3.6564
3.6116
3.5886
3.5869
3.6058
3.6447
3.703
3.78
3.8753
3.9892
4.122
4.274
4.4453
4.6363
4.8473
5.0784
5.3299
5.6024
5.8966
6.213
6.5514
6.9115
7.2926
7.6934
8.1125
8.548
8.9971
9.456
9.9201
10.384
10.841
11.283
11.702
12.088
12.435
12.73
12.963
13.125
13.211
13.216
13.141
12.983
12.746
12.433
12.053
11.613
11.125
10.599
10.048
9.4818
8.9111
8.3451
7.792
7.2581
6.7488
6.2682
5.819
5.4031
5.0214
4.6745
4.3622
4.0837
3.8376
3.6228
3.4379
3.2813
3.1515
3.0467
2.9654
2.9064
2.8687
2.8516
2.8539
2.8749
2.9136
2.9693
3.0422
3.1322
3.2395
3.3643
3.5069
3.6673
3.8462
4.0441
4.2621
4.501
4.7616
5.0447
5.3512
5.6815
6.0365
6.4162
6.8206
7.2502
7.7046
8.1823
8.6807
9.1965
9.7249
10.26
10.797
11.326
11.837
12.319
12.761
13.15
13.474
13.722
13.884
13.95
13.913
13.773
13.531
13.196
12.775
12.277
11.716
11.106
10.462
9.7967
9.1239
8.4556
7.8021
7.1716
6.5707
6.0044
5.4761
4.9876
4.5396
4.1319
3.764
3.4345
3.1418
2.8838
2.6582
2.4631
2.2961
2.1551
2.0378
1.9424
1.8675
1.8116
1.7734
1.7514
1.7441
1.7509
1.7714
1.8052
1.8521
1.9117
1.9837
2.0683
2.1659
2.2768
2.4018
2.5415
2.6967
2.8681
3.0568
3.2642
3.4914
3.7399
4.011
4.3062
4.627
4.9749
5.3516
5.7587
6.1968
6.6667
7.1696
7.7055
8.273
8.8695
9.491
10.132
10.787
11.445
12.097
12.726
13.319
13.857
14.324
14.701
14.972
15.118
15.13
15.004
14.742
14.35
13.836
13.218
12.512
11.739
10.92
10.075
9.2246
8.3834
7.5654
6.7811
6.0384
5.3426
4.6969
4.1026
3.5602
3.0682
2.6246
2.2265
1.871
1.5549
1.2747
1.0268
0.80782
0.61468
0.44446
0.29424
0.16113
0.042656
-0.063178
-0.15829
-0.24458
-0.3239
-0.39782
-0.46755
-0.53433
-0.59934
-0.66373
-0.72846
-0.79436
-0.86229
-0.93317
-1.008
-1.0875
-1.1726
-1.2641
-1.3627
-1.4696
-1.5858
-1.7125
-1.8509
-2.0019
-2.1669
-2.3473
-2.5447
-2.7608
-2.9977
-3.2573
-3.5414
-3.8522
-4.1918
-4.5624
-4.9662
-5.4055
-5.8826
-6.3992
-6.9557
-7.5541
-8.1945
-8.8752
-9.5922
-10.34
-11.109
-11.891
-12.672
-13.432
-14.151
-14.807
-15.374
-15.828
-16.144
-16.3
-16.281
-16.083
-15.71
-15.173
-14.486
-13.674
-12.764
-11.783
-10.761
-9.7247
-8.6961
-7.6942
-6.7336
-5.8249
-4.9749
-4.1875
-3.4645
-2.8055
-2.2084
-1.6696
-1.1854
-0.75141
-0.36324
-0.016078
0.29513
0.57488
0.82719
1.056
1.2654
1.4592
1.6409
1.8131
1.9785
2.1397
2.2994
2.46
2.6236
2.7917
2.9661
3.1487
3.3414
3.5461
3.7643
3.9974
4.2466
4.5134
4.7992
5.1056
5.434
5.7852
6.1601
6.5595
6.9832
7.4309
7.9015
8.3933
8.904
9.4305
9.9674
10.509
11.047
11.573
12.077
12.546
12.97
13.337
13.632
13.842
13.958
13.974
13.889
13.704
13.419
13.04
12.579
12.046
11.455
10.821
10.159
9.4831
8.8061
8.1392
7.4916
6.8706
6.2822
5.7303
5.2173
4.7448
4.3133
3.9224
3.571
3.2573
2.9796
2.7357
2.5234
2.3402
2.1836
2.0522
1.9441
1.8577
1.7911
1.7426
1.7101
1.6927
1.6899
1.701
1.7255
1.7629
1.8126
1.8745
1.9486
2.0353
2.135
2.248
2.3749
2.5162
2.6729
2.846
3.0365
3.2456
3.4746
3.725
3.9981
4.2957
4.6193
4.9698
5.3494
5.7601
6.2031
6.6792
7.1884
7.7299
8.3024
8.904
9.5317
10.18
10.841
11.507
12.164
12.8
13.398
13.94
14.411
14.787
15.05
15.187
15.19
15.056
14.783
14.377
13.848
13.213
12.49
11.702
10.869
10.013
9.1523
8.3032
7.4787
6.6893
5.9426
5.2438
4.5961
4.0008
3.458
2.9659
2.5223
2.1244
1.7692
1.4533
1.173
0.92474
0.70541
0.51178
0.34065
0.18881
0.053573
-0.067223
-0.17569
-0.27392
-0.36401
-0.44785
-0.52676
-0.60208
-0.67513
-0.74721
-0.81946
-0.89281
-0.96819
-1.0466
-1.129
-1.2166
-1.3101
-1.4105
-1.5186
-1.6355
-1.7623
-1.9005
-2.0513
-2.2157
-2.3952
-2.5911
-2.8052
-3.0391
-3.2951
-3.575
-3.8809
-4.2148
-4.579
-4.9756
-5.4063
-5.8732
-6.3779
-6.922
-7.5056
-8.1279
-8.7889
-9.4857
-10.213
-10.962
-11.724
-12.483
-13.225
-13.931
-14.575
-15.135
-15.589
-15.913
-16.089
-16.101
-15.941
-15.607
-15.111
-14.471
-13.706
-12.842
-11.906
-10.924
-9.9222
-8.922
-7.943
-7.0002
-6.1049
-5.2647
-4.4846
-3.7664
-3.1098
-2.5134
-1.9748
-1.4905
-1.0561
-0.66733
-0.32001
-0.0098157
0.26771
0.51718
0.74318
0.94918
1.1381
1.313
1.4769
1.6329
1.7842
1.9328
2.0806
2.2295
2.3814
2.5385
2.7027
2.8756
3.0584
3.2527
3.46
3.6821
3.9209
4.1778
4.4543
4.7515
5.0708
5.4134
5.7804
6.173
6.5919
7.036
7.5058
8.0015
8.5216
9.0631
9.6216
10.191
10.765
11.334
11.888
12.417
12.906
13.341
13.709
13.996
14.191
14.285
14.27
14.142
13.901
13.554
13.108
12.58
11.981
11.327
10.635
9.9208
9.1988
8.4815
7.7802
7.1044
6.461
5.855
5.2901
4.7684
4.2906
3.8561
3.4638
3.1122
2.7991
2.5222
2.2789
2.0667
1.8833
1.7262
1.593
1.4812
1.3889
1.3145
1.2565
1.2133
1.1835
1.166
1.16
1.165
1.1803
1.2054
1.2399
1.2836
1.3367
1.3992
1.4714
1.5536
1.6462
1.7497
1.8648
1.9924
2.1333
2.2886
2.4595
2.6472
2.8532
3.0791
3.3268
3.5981
3.8948
4.2185
4.571
4.9538
5.3687
5.8172
6.3009
6.8212
7.3797
7.9778
8.6156
9.2865
9.9866
10.71
11.447
12.185
12.909
13.601
14.242
14.808
15.275
15.622
15.832
15.889
15.786
15.518
15.091
14.517
13.816
13.012
12.13
11.196
10.234
9.2665
8.3125
7.3878
6.5043
5.6708
4.8931
4.1744
3.5155
2.9153
2.3715
1.8817
1.4422
1.0489
0.69713
0.38323
0.10331
-0.14663
-0.37069
-0.57309
-0.7578
-0.92741
-1.0845
-1.2318
-1.3719
-1.5074
-1.6406
-1.7731
-1.9068
-2.0432
-2.1843
-2.3319
-2.4876
-2.6525
-2.8282
-3.016
-3.2177
-3.435
-3.6696
-3.9229
-4.1964
-4.4914
-4.8094
-5.152
-5.5207
-5.9168
-6.3403
-6.7923
-7.2737
-7.7844
-8.3228
-8.8861
-9.4703
-10.07
-10.678
-11.288
-11.888
-12.466
-13.007
-13.497
-13.92
-14.26
-14.505
-14.642
-14.659
-14.551
-14.319
-13.969
-13.513
-12.96
-12.328
-11.632
-10.892
-10.124
-9.3459
-8.5722
-7.8157
-7.0865
-6.3926
-5.7398
-5.1316
-4.5699
-4.0552
-3.5871
-3.1643
-2.7849
-2.4462
-2.1455
-1.8802
-1.6471
-1.4435
-1.2661
-1.1125
-0.98032
-0.86726
-0.77108
-0.68972
-0.62159
-0.56525
-0.5193
-0.48244
-0.45359
-0.43196
-0.41679
-0.40741
-0.40323
-0.40387
-0.40906
-0.41852
-0.43202
-0.44941
-0.47069
-0.49592
-0.5252
-0.55866
-0.59645
-0.63881
-0.6861
-0.73867
-0.79698
-0.86152
-0.93287
-1.0116
-1.0987
-1.1949
-1.3012
-1.4182
-1.547
-1.6887
-1.8447
-2.0167
-2.2063
-2.4155
-2.6465
-2.9015
-3.1824
-3.4919
-3.8325
-4.2069
-4.6179
-5.068
-5.5601
-6.0968
-6.6808
-7.3134
-7.9945
-8.7251
-9.5031
-10.323
-11.177
-12.052
-12.934
-13.804
-14.636
-15.401
-16.07
-16.61
-16.993
-17.19
-17.18
-16.954
-16.517
-15.886
-15.079
-14.128
-13.066
-11.929
-10.752
-9.5666
-8.3986
-7.2695
-6.1949
-5.1857
-4.2479
-3.3845
-2.596
-1.8808
-1.2351
-0.6542
-0.13304
0.33376
0.75185
1.1272
1.4657
1.7724
2.0517
2.3082
2.5463
2.7706
2.9849
3.1921
3.3949
3.5959
3.798
4.0039
4.2159
4.4353
4.6639
4.9029
5.1539
5.4185
5.698
5.9932
6.3044
6.632
6.9757
7.3352
7.7098
8.0984
8.4995
8.9102
9.3273
9.7466
10.163
10.572
10.966
11.339
11.682
11.99
12.254
12.465
12.615
12.699
12.715
12.66
12.537
12.346
12.09
11.774
11.405
10.991
10.542
10.066
9.5728
9.0718
8.5709
8.0774
7.5976
7.1367
6.6987
6.2868
5.9034
5.5496
5.2262
4.9338
4.6722
4.4409
4.239
4.0654
3.9192
3.7993
3.7046
3.634
3.5862
3.56
3.554
3.5681
3.6023
3.6564
3.7302
3.8235
3.9358
4.0666
4.2156
4.3827
4.5692
4.7758
5.0027
5.2506
5.5198
5.8104
6.1228
6.4566
6.8105
7.1855
7.5816
7.998
8.4327
8.883
9.3449
9.8136
10.283
10.747
11.197
11.627
12.027
12.386
12.694
12.942
13.123
13.23
13.257
13.201
13.06
12.837
12.535
12.163
11.731
11.248
10.725
10.174
9.6058
9.0316
8.4602
7.8997
7.3572
6.8387
6.3481
5.8888
5.4628
5.0716
4.7155
4.3944
4.1072
3.8529
3.6304
3.4381
3.2746
3.1379
3.0266
2.9393
2.875
2.8324
2.8103
2.8075
2.8228
2.8557
2.9062
2.974
3.0591
3.1612
3.2804
3.4168
3.5707
3.743
3.9343
4.1455
4.3772
4.6303
4.9055
5.2037
5.5245
5.8695
6.2402
6.6373
7.0606
7.5094
7.9821
8.4764
8.9893
9.517
10.055
10.597
11.136
11.66
12.161
12.625
13.042
13.398
13.682
13.881
13.986
13.988
13.887
13.682
13.38
12.986
12.511
11.966
11.366
10.725
10.058
9.3785
8.6999
8.0328
7.3865
6.7682
6.1833
5.6358
5.1278
4.6604
4.2341
3.8484
3.502
3.1933
2.9202
2.6807
2.4724
2.2932
2.1404
2.0121
1.9067
1.8225
1.7578
1.7108
1.6798
1.6638
1.6621
1.6742
1.6995
1.7375
1.7877
1.8497
1.924
2.0107
2.1103
2.2231
2.3496
2.4905
2.6467
2.8191
3.009
3.2173
3.4455
3.695
3.9673
4.264
4.5866
4.9362
5.3151
5.7251
6.1676
6.6433
7.1521
7.6934
8.2662
8.8686
9.4978
10.148
10.812
11.481
12.143
12.784
13.388
13.938
14.416
14.8
15.071
15.216
15.227
15.099
14.832
14.429
13.903
13.268
12.544
11.753
10.917
10.056
9.1906
8.3358
7.5054
6.7099
5.9573
5.2527
4.5996
3.9992
3.4516
2.9551
2.5074
2.1058
1.7471
1.4281
1.1448
0.89381
0.67189
0.4758
0.30228
0.14811
0.010561
-0.11256
-0.2234
-0.3241
-0.41678
-0.50334
-0.58514
-0.66354
-0.73991
-0.81556
-0.89169
-0.96926
-1.0492
-1.1326
-1.2204
-1.3139
-1.4139
-1.5213
-1.637
-1.7623
-1.8982
-2.0462
-2.2077
-2.3839
-2.5762
-2.786
-3.015
-3.2652
-3.5385
-3.8371
-4.1629
-4.518
-4.9049
-5.3253
-5.7812
-6.2739
-6.8045
-7.374
-7.9827
-8.6279
-9.3079
-10.019
-10.755
-11.506
-12.258
-12.996
-13.701
-14.355
-14.93
-15.405
-15.756
-15.966
-16.019
-15.907
-15.625
-15.179
-14.583
-13.86
-13.032
-12.126
-11.168
-10.185
-9.197
-8.2248
-7.2843
-6.3872
-5.5422
-4.7549
-4.0284
-3.363
-2.7572
-2.209
-1.7154
-1.2727
-0.87624
-0.52171
-0.20514
0.077553
0.33055
0.55817
0.76484
0.95407
1.1286
1.2911
1.4445
1.5915
1.7349
1.8767
2.0186
2.1625
2.3103
2.4638
2.625
2.7953
2.9761
3.1687
3.3748
3.5961
3.8345
4.0914
4.3682
4.6664
4.9871
5.3318
5.7016
6.0977
6.5211
6.9705
7.4468
7.9503
8.4796
9.0319
9.6028
10.186
10.775
11.361
11.933
12.48
12.988
13.441
13.825
14.127
14.334
14.436
14.426
14.298
14.053
13.696
13.237
12.692
12.074
11.398
10.684
9.9468
9.2021
8.4628
7.7407
7.0456
6.3843
5.7622
5.1828
4.6482
4.1587
3.7139
3.3124
2.9525
2.6318
2.3479
2.0981
1.8797
1.6901
1.5265
1.3865
1.2678
1.1685
1.0866
1.0202
0.96771
0.92789
0.89966
0.88201
0.87397
0.87475
0.88389
0.90109
0.92607
0.9586
0.9985
1.0458
1.1006
1.1634
1.2344
1.314
1.4029
1.5015
1.6107
1.7314
1.8643
2.0107
2.1716
2.3485
2.5428
2.7562
2.9904
3.2473
3.529
3.8374
4.1748
4.543
4.9442
5.3805
5.854
6.3668
6.9209
7.517
8.1535
8.8302
9.5443
10.29
11.06
11.842
12.622
13.385
14.108
14.768
15.34
15.8
16.123
16.291
16.287
16.102
15.738
15.207
14.53
13.725
12.82
11.846
10.828
9.7923
8.7634
7.7598
6.7963
5.8842
5.0306
4.2399
3.5132
2.8501
2.2488
1.7065
1.219
0.7819
0.39077
0.04112
-0.2717
-0.55248
-0.80616
-1.037
-1.2482
-1.4429
-1.6244
-1.7961
-1.9613
-2.123
-2.2829
-2.4432
-2.6058
-2.7729
-2.9466
-3.1289
-3.321
-3.5246
-3.741
-3.972
-4.2193
-4.4847
-4.7694
-5.0745
-5.4013
-5.7507
-6.1234
-6.52
-6.9411
-7.3861
-7.8527
-8.3407
-8.8489
-9.3742
-9.912
-10.456
-10.999
-11.53
-12.039
-12.514
-12.944
-13.316
-13.616
-13.833
-13.958
-13.985
-13.91
-13.732
-13.452
-13.079
-12.62
-12.089
-11.5
-10.867
-10.205
-9.5291
-8.8512
-8.1825
-7.5323
-6.9085
-6.3167
-5.7611
-5.2446
-4.7687
-4.3341
-3.9402
-3.5857
-3.2691
-2.9887
-2.7422
-2.5275
-2.342
-2.1839
-2.0511
-1.9416
-1.8534
-1.7846
-1.7335
-1.6992
-1.6806
-1.6768
-1.6869
-1.71
-1.7456
-1.7935
-1.8539
-1.9266
-2.0119
-2.1099
-2.2209
-2.3455
-2.4846
-2.6389
-2.8094
-2.9972
-3.2034
-3.4294
-3.6762
-3.9453
-4.2389
-4.5587
-4.9063
-5.2832
-5.6903
-6.1286
-6.5987
-7.101
-7.6356
-8.2025
-8.8011
-9.4277
-10.076
-10.738
-11.407
-12.069
-12.713
-13.32
-13.877
-14.363
-14.755
-15.037
-15.196
-15.222
-15.11
-14.858
-14.47
-13.957
-13.334
-12.619
-11.836
-11.005
-10.148
-9.2837
-8.4287
-7.5965
-6.7981
-6.0418
-5.3329
-4.6751
-4.0699
-3.5174
-3.0161
-2.5639
-2.158
-1.7954
-1.4727
-1.1861
-0.93216
-0.70772
-0.50946
-0.33412
-0.17844
-0.039809
0.084109
0.19558
0.29681
0.38981
0.47622
0.55756
0.6353
0.71089
0.78557
0.86037
0.93629
1.0144
1.0958
1.1817
1.2727
1.3697
1.4739
1.5861
1.7076
1.8397
1.9834
2.1399
2.3105
2.4965
2.6997
2.9217
3.1645
3.43
3.7201
4.0367
4.3819
4.7578
5.1663
5.6096
6.0897
6.6078
7.1643
7.7605
8.3962
9.0687
9.7738
10.505
11.253
12.008
12.755
13.477
14.152
14.76
15.275
15.676
15.942
16.052
15.993
15.764
15.371
14.826
14.143
13.347
12.462
11.514
10.53
9.536
8.5513
7.5938
6.6767
5.8096
4.999
4.2482
3.5587
2.9303
2.3609
1.8473
1.3859
0.97263
0.60335
0.27357
-0.021411
-0.28601
-0.52399
-0.73905
-0.93485
-1.115
-1.2829
-1.441
-1.5919
-1.738
-1.8817
-2.0254
-2.1711
-2.3201
-2.4743
-2.6353
-2.805
-2.9853
-3.1776
-3.3833
-3.6037
-3.8404
-4.095
-4.3692
-4.6648
-4.9829
-5.3249
-5.692
-6.085
-6.5045
-6.9507
-7.4238
-7.9232
-8.4465
-8.9914
-9.5548
-10.131
-10.714
-11.295
-11.863
-12.405
-12.911
-13.365
-13.751
-14.056
-14.267
-14.376
-14.374
-14.257
-14.025
-13.683
-13.24
-12.707
-12.101
-11.438
-10.734
-10.006
-9.2692
-8.537
-7.8206
-7.1297
-6.4717
-5.8517
-5.2734
-4.7392
-4.2498
-3.8046
-3.4024
-3.0417
-2.7202
-2.4355
-2.185
-1.966
-1.776
-1.6124
-1.4726
-1.3544
-1.2559
-1.1751
-1.1103
-1.0598
-1.0223
-0.99694
-0.9826
-0.97839
-0.98349
-0.99746
-1.0201
-1.0511
-1.0903
-1.1377
-1.1932
-1.257
-1.3297
-1.4115
-1.5031
-1.6051
-1.718
-1.8429
-1.9807
-2.1324
-2.2992
-2.4824
-2.6833
-2.9037
-3.1453
-3.41
-3.6998
-4.0163
-4.3621
-4.7397
-5.1513
-5.5987
-6.0833
-6.6063
-7.1685
-7.7704
-8.4119
-9.0914
-9.8035
-10.543
-11.302
-12.068
-12.826
-13.559
-14.244
-14.86
-15.381
-15.781
-16.041
-16.144
-16.08
-15.843
-15.435
-14.869
-14.163
-13.344
-12.437
-11.47
-10.47
-9.4617
-8.4644
-7.496
-6.5697
-5.6951
-4.8786
-4.1237
-3.4315
-2.8007
-2.2292
-1.714
-1.2515
-0.83745
-0.46707
-0.13598
0.16016
0.42578
0.66532
0.88283
1.0816
1.2649
1.4359
1.5978
1.7534
1.9051
2.0549
2.2049
2.3571
2.5138
2.6769
2.8478
3.028
3.2189
3.4224
3.6402
3.8742
4.1256
4.3957
4.686
4.9976
5.332
5.6905
6.0743
6.4832
6.9179
7.379
7.8658
8.3767
8.9088
9.458
10.019
10.586
11.152
11.706
12.237
12.733
13.179
13.564
13.873
14.095
14.22
14.236
14.141
13.934
13.621
13.211
12.714
12.142
11.512
10.838
10.137
9.4224
8.7089
8.0081
7.3295
6.6809
6.0681
5.4951
4.9642
4.4764
4.0315
3.6289
3.2673
2.9448
2.659
2.4076
2.188
1.9977
1.8343
1.6954
1.5791
1.4832
1.4057
1.3449
1.2996
1.2686
1.2508
1.245
1.2504
1.2664
1.2928
1.3294
1.376
1.4324
1.4985
1.5748
1.6615
1.7593
1.8687
1.9905
2.1253
2.2741
2.4381
2.6186
2.8166
3.0336
3.2711
3.5308
3.8144
4.124
4.4617
4.8286
5.2257
5.6565
6.1234
6.628
7.1707
7.7507
8.3665
9.0153
9.6933
10.396
11.116
11.842
12.56
13.254
13.904
14.491
14.992
15.387
15.653
15.772
15.735
15.539
15.189
14.69
14.059
13.315
12.482
11.586
10.651
9.7006
8.7554
7.8322
6.9441
6.1012
5.3101
4.5753
3.8987
3.2805
2.7194
2.2124
1.7565
1.348
0.98322
0.6579
0.36768
0.10866
-0.12291
-0.33073
-0.51846
-0.68946
-0.84648
-0.99214
-1.129
-1.2597
-1.3864
-1.5109
-1.635
-1.7603
-1.8887
-2.0221
-2.1617
-2.3089
-2.4651
-2.6317
-2.8102
-3.0026
-3.2102
-3.4345
-3.6769
-3.9388
-4.2219
-4.528
-4.8588
-5.2158
-5.6002
-6.0136
-6.4571
-6.9311
-7.4352
-7.9685
-8.5293
-9.1151
-9.7222
-10.344
-10.974
-11.602
-12.216
-12.803
-13.347
-13.833
-14.245
-14.563
-14.771
-14.859
-14.822
-14.659
-14.368
-13.956
-13.436
-12.821
-12.129
-11.38
-10.593
-9.788
-8.9805
-8.1853
-7.4141
-6.6761
-5.9785
-5.3256
-4.7203
-4.1641
-3.6569
-3.1974
-2.7836
-2.413
-2.0828
-1.7901
-1.5316
-1.304
-1.1045
-0.93038
-0.77863
-0.64646
-0.5315
-0.43183
-0.34557
-0.27089
-0.20599
-0.14933
-0.099845
-0.056499
-0.018283
0.015786
0.046566
0.074643
0.1006
0.12499
0.14835
0.1711
0.19363
0.21629
0.23945
0.26349
0.28869
0.31534
0.34375
0.37428
0.4073
0.44317
0.48222
0.52482
0.57141
0.62247
0.67856
0.7403
0.80831
0.88318
0.96563
1.0565
1.1567
1.2673
1.3895
1.5247
1.6742
1.8395
2.022
2.2235
2.4462
2.6923
2.9642
3.2647
3.5962
3.9615
4.3643
4.8079
5.2953
5.8293
6.4121
7.0457
7.7319
8.4716
9.2615
10.099
10.98
11.892
12.82
13.744
14.639
15.477
16.222
16.838
17.292
17.555
17.604
17.424
17.013
16.381
15.555
14.57
13.46
12.265
11.023
9.7673
8.5286
7.3299
6.1888
5.1175
4.1227
3.2071
2.3714
1.6139
0.93067
0.31643
-0.23439
-0.72759
-1.1692
-1.5655
-1.923
-2.2478
-2.544
-2.8158
-3.0675
-3.3035
-3.5284
-3.747
-3.9617
-4.1746
-4.3879
-4.6041
-4.8252
-5.0537
-5.291
-5.5383
-5.7964
-6.0661
-6.3482
-6.6431
-6.9514
-7.2729
-7.6068
-7.9519
-8.3067
-8.6692
-9.0366
-9.4059
-9.7733
-10.134
-10.485
-10.819
-11.13
-11.411
-11.656
-11.861
-12.018
-12.125
-12.177
-12.172
-12.107
-11.983
-11.802
-11.567
-11.285
-10.961
-10.601
-10.212
-9.8022
-9.3793
-8.95
-8.5206
-8.0968
-7.6837
-7.2862
-6.9079
-6.5513
-6.2188
-5.9118
-5.6315
-5.3785
-5.1529
-4.9542
-4.7822
-4.6361
-4.5154
-4.4193
-4.347
-4.2977
-4.2703
-4.2641
-4.279
-4.3146
-4.3706
-4.4465
-4.5419
-4.6565
-4.7897
-4.9418
-5.1131
-5.3039
-5.5143
-5.7443
-5.9939
-6.2628
-6.5509
-6.8572
-7.181
-7.5222
-7.8799
-8.2527
-8.6382
-9.0334
-9.4345
-9.8369
-10.235
-10.624
-10.997
-11.348
-11.668
-11.95
-12.187
-12.373
-12.501
-12.567
-12.569
-12.502
-12.369
-12.169
-11.908
-11.591
-11.226
-10.82
-10.382
-9.9214
-9.4463
-8.9651
-8.4851
-8.0128
-7.554
-7.1136
-6.6957
-6.3029
-5.9375
-5.6009
-5.294
-5.0173
-4.7704
-4.5527
-4.3635
-4.2019
-4.0671
-3.958
-3.8735
-3.8123
-3.7734
-3.7563
-3.7604
-3.7852
-3.8302
-3.8947
-3.9782
-4.0802
-4.2009
-4.3407
-4.4999
-4.6786
-4.8772
-5.0958
-5.3346
-5.5937
-5.8733
-6.1741
-6.4964
-6.84
-7.2043
-7.5881
-7.99
-8.4077
-8.8388
-9.2801
-9.7277
-10.176
-10.619
-11.05
-11.461
-11.844
-12.189
-12.49
-12.736
-12.917
-13.027
-13.061
-13.016
-12.894
-12.696
-12.423
-12.084
-11.685
-11.236
-10.746
-10.226
-9.6876
-9.1403
-8.5935
-8.0552
-7.5325
-7.031
-6.5551
-6.1082
-5.6926
-5.3093
-4.9593
-4.6428
-4.3593
-4.1082
-3.888
-3.6976
-3.5358
-3.4011
-3.2922
-3.2076
-3.1457
-3.1048
-3.0845
-3.0846
-3.1046
-3.1439
-3.2019
-3.2781
-3.3715
-3.4817
-3.6093
-3.7552
-3.9198
-4.1035
-4.307
-4.5308
-4.7755
-5.0415
-5.3294
-5.6406
-5.9757
-6.3352
-6.7189
-7.1265
-7.5569
-8.0088
-8.4805
-8.9695
-9.4719
-9.9828
-10.496
-11.005
-11.5
-11.972
-12.409
-12.801
-13.136
-13.403
-13.592
