-3.4722
-3.605
-3.7588
-3.9345
-4.1328
-4.3546
-4.6008
-4.8722
-5.1702
-5.4961
-5.8513
-6.2371
-6.6544
-7.1041
-7.5866
-8.1031
-8.6544
-9.24
-9.8585
-10.507
-11.182
-11.878
-12.59
-13.309
-14.02
-14.708
-15.355
-15.941
-16.448
-16.852
-17.129
-17.255
-17.202
-16.956
-16.513
-15.873
-15.047
-14.053
-12.919
-11.681
-10.383
-9.0706
-7.7823
-6.5514
-5.406
-4.3676
-3.4485
-2.6543
-1.9853
-1.4367
-0.99843
-0.6558
-0.39805
-0.21398
-0.09224
-0.022186
0.0060703
0.0012009
-0.030045
-0.08175
-0.14898
-0.22777
-0.31512
-0.40878
-0.50699
-0.60851
-0.71256
-0.81886
-0.92758
-1.0389
-1.153
-1.2706
-1.3921
-1.5187
-1.6515
-1.7915
-1.9396
-2.0971
-2.2652
-2.4454
-2.6395
-2.849
-3.0756
-3.321
-3.5872
-3.8762
-4.1902
-4.5317
-4.9024
-5.3044
-5.7416
-6.217
-6.7335
-7.2931
-7.8973
-8.5473
-9.2436
-9.986
-10.774
-11.604
-12.473
-13.373
-14.294
-15.22
-16.131
-17.002
-17.804
-18.506
-19.069
-19.448
-19.604
-19.506
-19.131
-18.458
-17.49
-16.26
-14.808
-13.181
-11.436
-9.6353
-7.8565
-6.162
-4.5988
-3.2002
-1.9849
-0.95782
-0.11236
0.56342
1.0862
1.4772
1.7597
1.9515
2.0706
2.1331
2.1531
2.1425
2.1106
2.0653
2.0131
1.9591
1.9075
1.8609
1.8216
1.7912
1.7711
1.7621
1.7647
1.7794
1.8066
1.8467
1.8998
1.9661
2.0462
2.1405
2.2496
2.3739
2.5142
2.6713
2.8464
3.0408
3.2556
3.4924
3.7525
4.0378
4.3504
4.6925
5.0664
5.4742
5.9183
6.4005
6.9228
7.4886
8.1002
8.7589
9.4649
10.217
11.014
11.851
12.725
13.625
14.541
15.457
16.351
17.197
17.966
18.622
19.13
19.448
19.534
19.358
18.899
18.15
17.112
15.811
14.305
12.652
10.912
9.1419
7.3999
5.7506
4.2404
2.899
1.7423
0.77307
-0.019176
-0.64914
-1.1345
-1.4945
-1.7493
-1.9198
-2.0227
-2.0731
-2.0842
-2.067
-2.0309
-1.9832
-1.9297
-1.875
-1.823
-1.7766
-1.7378
-1.7079
-1.6878
-1.6786
-1.6808
-1.6949
-1.721
-1.7594
-1.8104
-1.8744
-1.9516
-2.0424
-2.1473
-2.2669
-2.4022
-2.5539
-2.7229
-2.9102
-3.1172
-3.3456
-3.5969
-3.8729
-4.1756
-4.5067
-4.8683
-5.2632
-5.6939
-6.1631
-6.673
-7.2258
-7.8233
-8.4669
-9.156
-9.8936
-10.68
-11.513
-12.388
-13.294
-14.222
-15.155
-16.076
-16.965
-17.788
-18.509
-19.092
-19.498
-19.688
-19.624
-19.277
-18.636
-17.704
-16.499
-15.053
-13.412
-11.641
-9.8185
-8.017
-6.2958
-4.7024
-3.2728
-2.0272
-0.9717
-0.10349
0.58908
1.1266
1.5326
1.8252
2.0244
2.1488
2.2153
2.2383
2.2295
2.1988
2.1545
2.1033
2.0505
1.9998
1.9543
1.9164
1.8879
1.8701
1.8636
1.8693
1.8876
1.9191
1.964
2.0224
2.0948
2.1816
2.2833
2.4005
2.5337
2.6837
2.8515
3.0384
3.2454
3.474
3.7255
4.0014
4.3039
4.635
4.9969
5.3918
5.8217
6.2887
6.7944
7.3419
7.9337
8.5712
9.2548
9.9838
10.756
11.57
12.419
13.297
14.192
15.092
15.975
16.82
17.596
18.272
18.813
19.182
19.337
19.243
18.881
18.238
17.314
16.122
14.712
13.141
11.466
9.7431
8.026
6.3767
4.8482
3.4738
2.2739
1.2562
0.4151
-0.26274
-0.79283
-1.1933
-1.4832
-1.6825
-1.8094
-1.8788
-1.9042
-1.8971
-1.8674
-1.823
-1.77
-1.7134
-1.6572
-1.6046
-1.5581
-1.519
-1.4883
-1.4671
-1.456
-1.4554
-1.4655
-1.4865
-1.5187
-1.5623
-1.6174
-1.6843
-1.7632
-1.8549
-1.9597
-2.0784
-2.2116
-2.3601
-2.5251
-2.708
-2.91
-3.1326
-3.3774
-3.6461
-3.9408
-4.2639
-4.6177
-5.0048
-5.4276
-5.8887
-6.3904
-6.9348
-7.5256
-8.1658
-8.8572
-9.6
-10.393
-11.235
-12.122
-13.048
-14.005
-14.979
-15.953
-16.902
-17.799
-18.609
-19.292
-19.808
-20.111
-20.154
-19.903
-19.339
-18.456
-17.26
-15.785
-14.102
-12.28
-10.386
-8.4833
-6.6373
-4.9167
-3.3654
-2.0102
-0.86236
0.082411
0.84099
1.4313
1.8749
2.1941
2.4119
2.5498
2.6251
2.6534
2.648
2.62
2.5784
2.5302
2.4809
2.4348
2.3956
2.366
2.3478
2.342
2.3497
2.3719
2.4094
2.4628
2.5323
2.618
2.7204
2.8403
2.9784
3.1355
3.3122
3.5094
3.7284
3.9705
4.2372
4.5301
4.8505
5.2
5.5804
5.994
6.4427
6.9285
7.4525
8.016
8.6196
9.2625
9.9445
10.666
11.423
12.212
13.023
13.845
14.664
15.463
16.225
16.922
17.525
18.001
18.321
18.457
18.38
18.066
17.508
16.712
15.692
14.475
13.096
11.599
10.047
8.4966
6.9984
5.5924
4.3099
3.1725
2.1888
1.3598
0.68061
0.14007
-0.27893
-0.59442
-0.82023
-0.97157
-1.0624
-1.1056
-1.1123
-1.0913
-1.0503
-0.99565
-0.93244
-0.86459
-0.79507
-0.7262
-0.65975
-0.59695
-0.5385
-0.48473
-0.43596
-0.39235
-0.35385
-0.32021
-0.29106
-0.26618
-0.24539
-0.22845
-0.21502
-0.20475
-0.19744
-0.19294
-0.19108
-0.19168
-0.1946
-0.19977
-0.20716
-0.21672
-0.22846
-0.24242
-0.25868
-0.27734
-0.29852
-0.32236
-0.34909
-0.37895
-0.4122
-0.44916
-0.49014
-0.53557
-0.5859
-0.64166
-0.70342
-0.77183
-0.84758
-0.93144
-1.0243
-1.1272
-1.2412
-1.3677
-1.5079
-1.6634
-1.8359
-2.0272
-2.2394
-2.4747
-2.736
-3.0259
-3.3478
-3.7049
-4.1009
-4.5398
-5.0254
-5.5616
-6.1547
-6.8108
-7.5349
-8.3315
-9.2041
-10.155
-11.188
-12.302
-13.493
-14.757
-16.084
-17.452
-18.83
-20.178
-21.443
-22.567
-23.468
-24.057
-24.255
-23.99
-23.202
-21.866
-20.02
-17.73
-15.092
-12.228
-9.3008
-6.4652
-3.8397
-1.5081
0.48111
2.117
3.413
4.3995
5.1236
5.6318
5.9661
6.1662
6.267
6.2979
6.2815
6.2359
6.1759
6.1133
6.0566
6.0117
5.983
5.9736
5.9861
6.0219
6.0822
6.1673
6.2769
6.4114
6.5706
6.7543
6.9618
7.1921
7.4445
7.7183
8.0128
8.3266
8.6582
9.0054
9.3657
9.7366
10.115
10.497
10.878
11.253
11.617
11.962
12.282
12.571
12.821
13.022
13.163
13.239
13.244
13.173
13.026
12.801
12.501
12.128
11.687
11.19
10.649
10.076
9.4827
8.8801
8.2795
7.6917
7.1279
6.5977
6.1079
5.6633
5.2675
4.9222
4.6278
4.3828
4.1844
4.0291
3.9144
3.8373
3.7951
3.7847
3.8033
3.848
3.916
4.0057
4.1157
4.2446
4.3913
4.5551
4.7352
4.9314
5.1437
5.3721
5.6169
5.8782
6.1561
6.4504
6.7611
7.0878
7.4304
7.7884
8.1615
8.5491
8.9506
9.3651
9.7891
10.219
10.651
11.08
11.501
11.907
12.291
12.646
12.963
13.233
13.448
13.598
13.673
13.666
13.573
13.392
13.123
12.766
12.325
11.812
11.241
10.625
9.9768
9.3103
8.6382
7.9735
7.33
6.7208
6.1544
5.6376
5.1749
4.7689
4.4202
4.1274
3.8872
3.6964
3.5515
3.4493
3.3859
3.3578
3.3613
3.3924
3.4484
3.5273
3.6272
3.7465
3.8836
4.0378
4.2081
4.3944
4.5965
4.8145
5.0484
5.2984
5.5647
5.8477
6.148
6.466
6.8024
7.1574
7.5307
7.9223
8.3317
8.7576
9.1984
9.652
10.115
10.586
11.06
11.532
11.994
12.437
12.851
13.228
13.558
13.831
14.038
14.168
14.21
14.156
14.001
13.743
13.384
12.929
12.385
11.764
11.08
10.349
9.5931
8.8299
8.0764
7.3476
6.6566
6.0146
5.4298
4.9064
4.4473
4.0534
3.7237
3.4552
3.2431
3.0809
2.9644
2.8898
2.8528
2.8492
2.8752
2.9274
3.0024
3.0981
3.2127
3.3447
3.4928
3.6562
3.8345
4.0276
4.2357
4.4595
4.6992
4.9552
5.2279
5.5178
5.8255
6.1516
6.497
6.8626
7.2495
7.6583
8.0878
8.5377
9.0071
9.4943
9.9967
10.511
11.032
11.555
12.075
12.583
13.069
13.521
13.928
14.277
14.555
14.752
14.852
14.845
14.723
14.483
14.124
13.651
13.07
12.394
11.635
10.813
9.9532
9.0792
8.2131
7.374
6.5781
5.8388
5.1667
4.5674
4.0432
3.595
3.2211
2.9177
2.6789
2.4966
2.3652
2.2797
2.2347
2.2251
2.2463
2.2939
2.3642
2.4546
2.563
2.6874
2.8264
2.9792
3.1451
3.3242
3.5169
3.7237
3.9446
4.1801
4.4307
4.6974
4.9812
5.2835
5.6058
5.95
6.3171
6.7072
7.1214
7.5603
8.024
8.5121
9.0238
9.5577
10.112
10.683
11.267
11.857
12.447
13.027
13.586
14.112
14.591
15.007
15.344
15.581
15.705
15.702
15.559
15.271
14.836
14.26
13.551
12.726
11.811
10.835
9.8257
8.8085
7.8078
6.8469
5.9468
5.1227
4.3846
3.7383
3.1857
2.7241
2.3467
2.045
1.8131
1.6431
1.5276
1.4591
1.4304
1.4348
1.4674
1.5238
1.6002
1.6936
1.8014
1.9218
2.0538
2.1963
2.3489
2.5114
2.6838
2.8668
3.0611
3.268
3.4882
3.7228
3.9729
4.24
4.5257
4.8314
5.1592
5.5102
5.8863
6.289
6.7197
7.1795
7.6693
8.1896
8.7406
9.3195
9.9262
10.56
11.219
11.897
12.586
13.277
13.957
14.611
15.222
15.77
16.235
16.596
16.827
16.907
16.819
16.552
16.099
15.46
14.644
13.681
12.601
11.436
10.218
8.9798
7.7581
6.5911
5.5051
4.5192
3.6458
2.8904
2.2516
1.7235
1.2981
0.96573
0.71613
0.53788
0.41878
0.34929
0.32111
0.3265
0.35874
0.41214
0.48203
0.5648
0.65759
0.75813
0.86477
0.9765
1.0929
1.2136
1.3386
1.468
1.6023
1.7423
1.8889
2.0436
2.2069
2.3802
2.5646
2.7616
2.9728
3.2001
3.4451
3.7095
3.9954
4.3047
4.6394
5.002
5.3946
5.8186
6.276
6.7706
7.3053
7.8819
8.5016
9.1641
9.8684
10.613
11.393
12.207
13.047
13.903
14.761
15.604
16.409
17.152
17.803
18.328
18.695
18.869
18.815
18.511
17.946
17.121
16.046
14.749
13.288
11.721
10.102
8.4803
6.9047
5.4245
4.0789
2.89
1.8682
1.0123
0.31269
-0.24304
-0.67059
-0.987
-1.2107
-1.3594
-1.4472
-1.4873
-1.4912
-1.4688
-1.4279
-1.3751
-1.3152
-1.2528
-1.1909
-1.1321
-1.0779
-1.0293
-0.98751
-0.95303
-0.92625
-0.90725
-0.89601
-0.89266
-0.89722
-0.90968
-0.92989
-0.95787
-0.99375
-1.0377
-1.0899
-1.1505
-1.22
-1.2988
-1.3876
-1.4869
-1.5974
-1.7201
-1.8558
-2.0059
-2.1717
-2.3545
-2.5559
-2.7775
-3.0213
-3.2896
-3.5847
-3.9092
-4.2658
-4.6573
-5.0868
-5.5569
-6.0711
-6.6339
-7.2491
-7.9195
-8.6475
-9.4345
-10.281
-11.188
-12.15
-13.166
-14.227
-15.321
-16.427
-17.52
-18.567
-19.529
-20.363
-21.009
-21.411
-21.515
-21.28
-20.668
-19.663
-18.291
-16.598
-14.644
-12.503
-10.268
-8.0472
-5.9308
-3.9868
-2.2621
-0.78211
0.44944
1.4427
2.2169
2.7997
3.2245
3.518
3.7069
3.8151
3.8638
3.8706
3.8493
3.8112
3.7658
3.7208
3.682
3.6531
3.6375
3.6376
3.6554
3.6923
3.749
3.8262
3.9247
4.0452
4.1883
4.3544
4.5439
4.7573
4.9957
5.2599
5.5508
5.8691
6.2153
6.59
6.9945
7.4295
7.8954
8.3919
8.9182
9.473
10.054
10.658
11.282
11.921
12.566
13.207
13.834
14.431
14.983
15.474
15.884
16.19
16.371
16.412
16.299
16.021
15.571
14.954
14.186
13.289
12.285
11.201
10.065
8.9133
7.7827
6.7019
5.694
4.776
3.9592
3.2488
2.6439
2.1406
1.7329
1.4129
1.1707
0.9947
0.87554
0.80528
0.77599
0.78059
0.81285
0.86738
0.93997
1.0273
1.1266
1.2358
1.3533
1.4783
1.6105
1.7497
1.8957
2.0488
2.2094
2.3784
2.557
2.7468
2.9489
3.1644
3.3947
3.6414
3.906
4.1906
4.497
4.8271
5.1829
5.5665
5.9797
6.4245
6.9026
7.4153
7.964
8.5487
9.1691
9.8268
10.521
11.248
12.002
12.776
13.558
14.337
15.096
15.82
16.484
17.059
17.519
17.836
17.983
17.935
17.671
17.181
16.47
15.549
14.442
13.177
11.794
10.345
8.8855
7.4619
6.113
4.8696
3.7543
2.7789
1.9463
1.2544
0.69538
0.25624
-0.08051
-0.32794
-0.49948
-0.60825
-0.66627
-0.68448
-0.67198
-0.63615
-0.58332
-0.51868
-0.4463
-0.36923
-0.28989
-0.21006
-0.13101
-0.053446
0.022239
0.095802
0.16723
0.23676
0.30482
0.37185
0.4383
0.50472
0.57177
0.64017
0.71058
0.78363
0.86004
0.94065
1.0263
1.118
1.2165
1.3226
1.4375
1.5623
1.6983
1.8467
2.0088
2.1863
2.3807
2.5939
2.8279
3.0848
3.3669
3.6756
4.0137
4.3854
4.7944
5.2446
5.7392
6.2815
6.8746
7.5211
8.2237
8.9847
9.8062
10.684
11.62
12.617
13.671
14.771
15.899
17.032
18.139
19.181
20.114
20.891
21.454
21.739
21.694
21.28
20.471
19.256
17.678
15.799
13.693
11.444
9.1489
6.9159
4.8296
2.9501
1.3145
-0.063153
-1.1885
-2.0789
-2.7585
-3.2585
-3.6124
-3.8472
-3.9892
-4.0614
-4.0834
-4.0718
-4.039
-3.9953
-3.9491
-3.9073
-3.8749
-3.8551
-3.8509
-3.8642
-3.8969
-3.95
-4.0242
-4.1201
-4.2383
-4.3796
-4.5445
-4.7334
-4.9466
-5.1846
-5.4485
-5.7391
-6.0571
-6.403
-6.7772
-7.1799
-7.6118
-8.0733
-8.5642
-9.0834
-9.629
-10.199
-10.788
-11.394
-12.01
-12.628
-13.238
-13.829
-14.386
-14.895
-15.339
-15.698
-15.954
-16.091
-16.089
-15.937
-15.627
-15.159
-14.537
-13.771
-12.881
-11.9
-10.856
-9.7784
-8.6945
-7.6306
-6.6131
-5.6656
-4.8034
-4.0365
-3.3703
-2.8053
-2.3371
-1.9569
-1.657
-1.4293
-1.2653
-1.1565
-1.0946
-1.0715
-1.0808
-1.1172
-1.1761
-1.2534
-1.346
-1.4513
-1.5676
-1.6938
-1.8287
-1.9718
-2.1231
-2.2827
-2.4513
-2.63
-2.8193
-3.0202
-3.2337
-3.461
-3.7038
-3.9637
-4.2425
-4.5418
-4.8632
-5.2086
-5.5798
-5.9783
-6.4061
-6.8647
-7.3546
-7.8766
-8.4332
-9.0253
-9.6523
-10.312
-11
-11.712
-12.44
-13.176
-13.91
-14.629
-15.315
-15.945
-16.497
-16.948
-17.274
-17.448
-17.447
-17.253
-16.856
-16.256
-15.46
-14.483
-13.351
-12.098
-10.769
-9.4133
-8.0739
-6.7873
-5.5837
-4.4876
-3.514
-2.6696
-1.9557
-1.3683
-0.89784
-0.5296
-0.25049
-0.049441
0.085685
0.16618
0.20251
0.20403
0.17809
0.13102
0.068132
-0.0062864
-0.088968
-0.17739
-0.26964
-0.36431
-0.46052
-0.55791
-0.65644
-0.75608
-0.85706
-0.95981
-1.065
-1.1736
-1.2864
-1.4041
-1.5277
-1.6582
-1.797
-1.9453
-2.1044
-2.2757
-2.4606
-2.6606
-2.8775
-3.1132
-3.3696
-3.6488
-3.9531
-4.2849
-4.6467
-5.041
-5.4704
-5.9378
-6.4458
-6.993
-7.5831
-8.2226
-8.9155
-9.6633
-10.465
-11.317
-12.214
-13.147
-14.106
-15.077
-16.044
-16.988
-17.874
-18.667
-19.328
-19.815
-20.087
-20.099
-19.819
-19.227
-18.32
-17.114
-15.638
-13.942
-12.095
-10.182
-8.2806
-6.4558
-4.7608
-3.2366
-1.9071
-0.78121
0.14321
0.87921
1.4506
1.8804
2.1894
2.3992
2.53
2.6003
2.6253
2.6175
2.5878
2.545
2.4962
2.447
2.4013
2.3625
2.3332
2.3152
2.3097
2.3178
2.3403
2.3779
2.431
2.4999
2.585
2.6869
2.8062
2.9436
3.0997
3.2751
3.471
3.6886
3.9293
4.1944
4.4854
4.8036
5.1508
5.5293
5.9409
6.3877
6.8713
7.3931
7.9543
8.5548
9.196
9.8788
10.602
11.361
12.15
12.963
13.787
14.612
15.422
16.193
16.9
17.515
18.009
18.35
18.508
18.45
18.159
17.624
16.849
15.847
14.64
13.263
11.762
10.201
8.6372
7.1222
5.6966
4.3931
3.2343
2.2302
1.3828
0.68763
0.13357
-0.29698
-0.62196
-0.85535
-1.0126
-1.1081
-1.1547
-1.164
-1.1451
-1.1056
-1.0522
-0.99002
-0.92317
-0.85467
-0.78693
-0.72178
-0.6605
-0.60384
-0.55215
-0.50579
-0.46494
-0.42962
-0.39961
-0.37453
-0.35421
-0.3385
-0.3272
-0.32005
-0.31674
-0.3171
-0.32105
-0.32849
-0.33933
-0.3535
-0.37106
-0.39206
-0.41661
-0.44481
-0.47686
-0.51302
-0.55358
-0.59889
-0.64932
-0.70528
-0.76732
-0.83605
-0.91215
-0.99636
-1.0895
-1.1925
-1.3063
-1.4321
-1.5713
-1.7254
-1.8958
-2.0845
-2.2932
-2.5242
-2.7796
-3.0623
-3.3753
-3.7218
-4.1052
-4.5291
-4.9975
-5.5145
-6.0835
-6.7087
-7.3969
-8.1538
-8.9833
-9.8875
-10.867
-11.922
-13.049
-14.243
-15.493
-16.784
-18.09
-19.375
-20.594
-21.69
-22.596
-23.245
-23.547
-23.432
-22.848
-21.769
-20.186
-18.161
-15.794
-13.196
-10.48
-7.77
-5.2018
-2.871
-0.83811
0.86942
2.2555
3.3426
4.1638
4.758
5.1688
5.4344
5.5883
5.66
5.6741
5.651
5.6063
5.552
5.4975
5.4505
5.4168
5.4
5.403
5.4276
5.4754
5.5476
5.6445
5.7662
5.9127
6.0844
6.2812
6.5031
6.7496
7.0201
7.3141
7.6312
7.9711
8.3325
8.714
9.1136
9.5288
9.9568
10.394
10.837
11.28
11.717
12.141
12.544
12.916
13.25
13.536
13.76
13.913
13.987
13.973
13.868
13.666
13.367
12.972
12.492
11.938
11.322
10.656
9.9544
9.2324
8.5069
7.7963
7.1146
6.4731
5.8808
5.3443
4.8678
4.4529
4.0987
3.8029
3.5629
3.3754
3.2365
3.1415
3.0852
3.0627
3.0713
3.1078
3.1692
3.2531
3.3573
3.48
3.6198
3.7764
3.949
4.1369
4.3397
4.5575
4.7903
5.0386
5.3032
5.5851
5.8856
6.2053
6.544
6.9023
7.2804
7.6782
8.0955
8.5314
8.9849
9.4546
9.9384
10.433
10.934
11.436
11.932
12.415
12.876
13.306
13.694
14.027
14.293
14.481
14.579
14.576
14.464
14.24
13.903
13.456
12.905
12.262
11.546
10.777
9.9732
9.1536
8.336
7.5376
6.7759
6.0649
5.4144
4.831
4.3189
3.8793
3.5105
3.2081
2.9661
2.7801
2.645
2.5556
2.5067
2.4935
2.5109
2.5549
2.6226
2.7114
2.819
2.9435
3.0836
3.2384
3.4075
3.5907
3.788
3.9994
4.2254
4.4665
4.7235
4.9975
5.2898
5.6012
5.9325
6.2847
6.6586
7.0548
7.4736
7.9153
8.3799
8.8661
9.3729
9.8989
10.441
10.996
11.557
12.118
12.67
13.204
13.708
14.17
14.578
14.913
15.159
15.304
15.334
15.241
15.014
14.651
14.156
13.541
12.818
12.005
11.12
10.186
9.2299
8.28
7.3594
6.4872
5.6786
4.9449
4.2935
3.7266
3.2431
2.8407
2.515
2.26
2.0678
1.9295
1.8393
1.7912
1.7794
1.7987
1.8445
1.9126
1.9998
2.1039
2.2228
2.3549
2.4991
2.6549
2.8222
3.0012
3.1927
3.3967
3.6139
3.8448
4.0906
4.3525
4.6319
4.9306
5.2505
5.5924
5.9577
6.3476
6.7634
7.2059
7.6758
8.1736
8.699
9.2499
9.8265
10.427
11.049
11.686
12.331
12.975
13.606
14.212
14.777
15.285
15.719
16.056
16.275
16.359
16.294
16.069
15.675
15.113
14.396
13.543
12.578
11.525
10.412
9.2718
8.1411
7.0511
6.0264
5.0858
4.2422
3.5028
2.8687
2.3366
1.9012
1.5554
1.2903
1.0951
0.95875
0.87373
0.83204
0.8264
0.8504
0.89843
0.96587
1.0492
1.1456
1.2527
1.3688
1.4928
1.6242
1.763
1.909
2.0622
2.2231
2.3924
2.5712
2.7607
2.9626
3.178
3.4081
3.6544
3.9185
4.2022
4.5075
4.8364
5.1904
5.5719
5.9828
6.425
6.9001
7.4095
7.9543
8.5354
9.152
9.8038
10.491
11.21
11.956
12.722
13.496
14.267
15.019
15.734
16.392
16.965
17.422
17.739
17.889
17.848
17.595
17.118
16.423
15.523
14.439
13.2
11.844
10.416
8.9742
7.5645
6.2261
4.9897
3.8779
2.9036
2.0697
1.3741
0.80993
0.36548
0.024442
-0.22801
-0.40426
-0.51727
-0.57888
-0.59982
-0.58941
-0.55501
-0.5029
-0.43827
-0.36527
-0.28698
-0.20582
-0.12357
-0.041525
0.039564
0.11933
0.19754
0.27421
0.34958
0.4241
0.49827
0.57256
0.64756
0.72398
0.80265
0.88433
0.96972
1.0596
1.1549
1.2566
1.3658
1.4835
1.6107
1.7487
1.8987
2.0621
2.2406
2.4356
2.6491
2.8829
3.1391
3.4201
3.7283
4.0663
4.4368
4.8429
5.2859
5.7702
6.3007
6.8816
7.5161
8.2067
8.9549
9.7614
10.626
11.547
12.524
13.547
14.61
15.697
16.787
17.852
18.856
19.758
20.513
21.064
21.352
21.327
20.954
20.205
19.07
17.584
15.808
13.81
11.667
9.4641
7.3033
5.2698
3.4238
1.8043
0.42868
-0.70501
-1.6115
-2.3121
-2.8339
-3.2084
-3.4631
-3.6227
-3.7095
-3.7431
-3.7398
-3.7127
-3.672
-3.6262
-3.5821
-3.5452
-3.5192
-3.5068
-3.5102
-3.5312
-3.5711
-3.6307
-3.7106
-3.8114
-3.9338
-4.0784
-4.2459
-4.4366
-4.651
-4.89
-5.1548
-5.4463
-5.7653
-6.1126
-6.4889
-6.8949
-7.3318
-7.8004
-8.3006
-8.8319
-9.393
-9.9819
-10.596
-11.23
-11.882
-12.542
-13.201
-13.848
-14.468
-15.045
-15.561
-15.998
-16.333
-16.543
-16.609
-16.515
-16.252
-15.813
-15.198
-14.418
-13.501
-12.474
-11.364
-10.202
-9.0189
-7.8506
-6.732
-5.6879
-4.7366
-3.8902
-3.1547
-2.5296
-2.01
-1.5888
-1.2576
-1.0069
-0.82609
-0.70367
-0.63063
-0.59919
-0.60197
-0.63253
-0.68537
-0.75592
-0.84067
-0.93685
-1.0423
-1.1552
-1.2747
-1.4003
-1.5319
-1.6695
-1.8133
-1.9636
-2.1212
-2.2872
-2.4627
-2.6493
-2.8481
-3.0603
-3.2873
-3.5309
-3.7928
-4.0749
-4.3793
-4.7078
-5.0625
-5.4455
-5.8589
-6.3047
-6.7846
-7.3007
-7.8533
-8.4426
-9.0716
-9.7412
-10.45
-11.195
-11.97
-12.767
-13.576
-14.385
-15.179
-15.941
-16.645
-17.261
-17.763
-18.12
-18.303
-18.283
-18.038
-17.556
-16.84
-15.898
-14.754
-13.438
-11.994
-10.48
-8.9529
-7.463
-6.0513
-4.751
-3.5867
-2.5704
-1.7059
-0.9906
-0.41541
0.035348
0.37973
0.63083
0.80368
0.91229
0.96959
0.98717
0.97427
0.93875
0.88727
0.82523
0.75682
0.68523
0.61296
0.54193
0.47346
0.40835
0.347
0.28977
0.2368
0.18804
0.14319
0.10184
0.063736
0.028591
-0.0039698
-0.034397
-0.063139
-0.090517
-0.11689
-0.14263
-0.16813
-0.19372
-0.21971
-0.24644
-0.27427
-0.30356
-0.33463
-0.36781
-0.40348
-0.44204
-0.48393
-0.5296
-0.57948
-0.63411
-0.69404
-0.75992
-0.83245
-0.91237
-1.0005
-1.0977
-1.2051
-1.3238
-1.4551
-1.6003
-1.7611
-1.9391
-2.136
-2.3539
-2.5952
-2.8625
-3.1587
-3.487
-3.8508
-4.2535
-4.699
-5.1913
-5.7343
-6.3315
-6.9901
-7.716
-8.5138
-9.3867
-10.336
-11.363
-12.466
-13.643
-14.884
-16.179
-17.505
-18.833
-20.122
-21.318
-22.359
-23.177
-23.685
-23.801
-23.461
-22.624
-21.264
-19.411
-17.156
-14.601
-11.858
-9.0564
-6.3433
-3.8352
-1.6102
0.28822
1.8506
3.0928
4.0444
4.7437
5.2365
5.5641
5.7629
5.8655
5.8996
5.8879
5.8482
5.7939
5.7358
5.6829
5.6415
5.6159
5.6093
5.624
5.6616
5.7234
5.81
5.9213
6.0575
6.2187
6.405
6.616
6.8512
7.1099
7.3915
7.6957
8.0216
8.3681
8.7336
9.1159
9.5126
9.9209
10.338
10.758
11.178
11.591
11.991
12.37
12.719
13.032
13.298
13.505
13.646
13.712
13.697
13.596
13.407
13.126
12.757
12.31
11.794
11.219
10.597
9.9405
9.2632
8.5811
7.9109
7.2657
6.656
6.0906
5.5759
5.1162
4.7136
4.3678
4.077
3.8392
3.6517
3.5111
3.4134
3.3539
3.3277
3.3324
3.3651
3.423
3.5038
3.6055
3.7263
3.8648
4.0203
4.1925
4.3807
4.5843
4.8032
5.0375
5.2873
5.5533
5.8361
6.1368
6.4564
6.7945
7.1512
7.5265
7.9203
8.3317
8.7597
9.2026
9.6585
10.125
10.599
11.076
11.55
12.013
12.457
12.874
13.255
13.589
13.867
14.078
14.208
14.25
14.196
14.04
13.78
13.418
12.957
12.406
11.776
11.083
10.347
9.5867
8.8193
8.0611
7.3272
6.6315
5.9853
5.3963
4.87
4.4094
4.0153
3.6862
3.4181
3.2048
3.0423
2.9265
2.8528
2.8168
2.8144
2.8413
2.8938
2.9692
3.0654
3.1803
3.3125
3.4607
3.6241
3.8024
3.9956
4.2039
4.4273
4.6663
4.9213
5.1928
5.4816
5.7887
6.1151
6.4617
6.8287
7.2167
7.6261
8.0566
8.5075
8.9778
9.4657
9.9693
10.486
11.012
11.54
12.064
12.576
13.065
13.523
13.937
14.296
14.586
14.791
14.9
14.902
14.787
14.551
14.193
13.716
13.127
12.439
11.669
10.841
9.9769
9.0991
8.2277
7.3813
6.5774
5.8305
5.1506
4.5445
4.0158
3.565
3.1897
2.8842
2.6414
2.4567
2.3244
2.2386
2.1937
2.1844
2.2052
2.2523
2.3223
2.4125
2.5204
2.6443
2.7826
2.9347
3.1001
3.2787
3.4703
3.6751
3.8937
4.1266
4.3751
4.6402
4.9233
5.2252
5.547
5.89
6.255
6.643
7.0551
7.492
7.9533
8.4394
8.9502
9.4848
10.041
10.615
11.202
11.796
12.391
12.977
13.546
14.083
14.573
14.999
15.347
15.599
15.741
15.756
15.631
15.361
14.946
14.388
13.699
12.891
11.985
11.004
9.982
8.9495
7.9335
6.9575
6.0413
5.2006
4.4464
3.7832
3.213
2.7345
2.3436
2.0328
1.7919
1.6132
1.49
1.4147
1.3805
1.3809
1.4101
1.4632
1.5368
1.6275
1.7329
1.8508
1.98
2.1196
2.2693
2.4289
2.5983
2.7778
2.9681
3.17
3.385
3.6143
3.8589
4.1202
4.3995
4.6985
5.0186
5.3618
5.7296
6.1235
6.5452
6.9963
7.4778
7.9903
8.5338
9.108
9.7121
10.344
11
11.676
12.367
13.062
13.751
14.42
15.053
15.631
16.134
16.541
16.825
16.964
16.939
16.736
16.347
15.767
15.004
14.083
13.032
11.882
10.665
9.4133
8.1666
6.9651
5.8379
4.8066
3.886
3.0837
2.4005
1.8315
1.3693
1.0051
0.72825
0.52696
0.38836
0.303
0.26194
0.25697
0.2809
0.32759
0.39197
0.47015
0.55894
0.65584
0.759
0.86727
0.98003
1.0968
1.2173
1.3416
1.4703
1.604
1.7439
1.8907
2.0453
2.2089
2.3825
2.5676
2.766
2.9791
3.2087
3.4563
3.7239
4.0133
4.3268
4.6664
5.0344
5.4325
5.864
6.3315
6.8373
7.3832
7.9706
8.6002
9.2726
9.9878
10.744
11.537
12.365
13.22
14.091
14.961
15.813
16.624
17.368
18.016
18.528
18.869
19.005
18.91
18.559
17.936
17.048
15.921
14.588
13.09
11.476
9.8055
8.1471
6.557
5.0789
3.7444
2.5735
1.5732
0.74022
0.065854
-0.46334
-0.86572
-1.1624
-1.3695
-1.5033
-1.5787
-1.6092
-1.6061
-1.5788
-1.5348
-1.4805
-1.4211
-1.3605
-1.3015
-1.2464
-1.1969
-1.1543
-1.1194
-1.0925
-1.074
-1.0642
-1.0633
-1.0712
-1.088
-1.1135
-1.1481
-1.1917
-1.2447
-1.3071
-1.3794
-1.462
-1.5556
-1.6607
-1.778
-1.9084
-2.0529
-2.2129
-2.3895
-2.5843
-2.7987
-3.0345
-3.2936
-3.5784
-3.8913
-4.2349
-4.6117
-5.0246
-5.4764
-5.9695
-6.5081
-7.0961
-7.7364
-8.4313
-9.1823
-9.9898
-10.854
-11.772
-12.74
-13.753
-14.799
-15.862
-16.918
-17.938
-18.888
-19.727
-20.408
-20.873
-21.071
-20.96
-20.506
-19.684
-18.501
-16.997
-15.227
-13.255
-11.155
-9.0207
-6.9481
-5.0098
-3.2586
-1.728
-0.43145
0.63518
1.4857
2.141
2.6288
2.9792
3.2162
3.3637
3.4427
3.4718
3.4663
3.4378
3.3964
3.3502
3.3059
3.2682
3.2406
3.2259
3.2261
3.243
3.2777
3.3309
3.4033
3.4956
3.6084
3.7424
3.898
4.0756
4.2761
4.5005
4.7498
5.025
5.3269
5.6564
6.0147
6.4034
6.8237
7.2764
7.7621
8.2808
8.8321
9.4148
10.028
10.671
11.338
12.023
12.719
13.415
14.099
14.758
15.374
15.924
16.386
16.738
16.959
17.027
16.922
16.631
16.151
15.489
14.655
13.668
12.555
11.346
10.086
8.8178
7.5794
6.4017
5.3099
4.323
3.4522
2.7006
2.0678
1.5491
1.1356
0.81458
0.57297
0.40141
0.28915
0.2263
0.2038
0.21347
0.2487
0.30413
0.37516
0.4581
0.55009
0.64914
0.75384
0.86296
0.97567
1.0916
1.2109
1.334
1.4618
1.595
1.7342
1.8801
2.0339
2.1967
2.3699
2.5552
2.7538
2.9672
3.1971
3.4453
3.7137
4.0044
4.3194
4.6609
5.0314
5.4334
5.869
6.3406
6.8503
7.4001
7.9917
8.6242
9.3004
10.022
10.788
11.596
12.437
13.304
14.185
15.064
15.925
16.747
17.498
18.145
18.653
18.99
19.12
19.011
18.638
17.996
17.089
15.935
14.565
13.022
11.367
9.6701
7.9942
6.3919
4.9058
3.5683
2.3978
1.4006
0.57499
-0.088516
-0.60742
-1.0033
-1.292
-1.4915
-1.6186
-1.6885
-1.7149
-1.7088
-1.6792
-1.6342
-1.5799
-1.5215
-1.4625
-1.406
-1.3542
-1.3088
-1.271
-1.2415
-1.2207
-1.2091
-1.207
-1.2146
-1.2319
-1.2587
-1.2954
-1.3422
-1.3992
-1.4666
-1.5448
-1.6344
-1.736
-1.8502
-1.9778
-2.1195
-2.2767
-2.4505
-2.6423
-2.8538
-3.0865
-3.3421
-3.6227
-3.9306
-4.2685
-4.6389
-5.0445
-5.4881
-5.9725
-6.5001
-7.0735
-7.6971
-8.374
-9.1058
-9.8928
-10.734
-11.627
-12.567
-13.549
-14.561
-15.588
-16.611
-17.601
-18.525
-19.345
-20.014
-20.49
-20.717
-20.649
-20.253
-19.513
-18.429
-17.014
-15.332
-13.458
-11.469
-9.4359
-7.43
-5.5295
-3.7955
-2.2649
-0.95677
0.12723
1.0022
1.6874
2.206
2.5826
2.8428
3.0112
3.1078
3.1502
3.154
3.1318
3.0939
3.0486
3.002
2.9592
2.9243
2.9005
2.8899
2.8938
2.9134
2.9499
3.0042
3.077
3.1686
3.2791
3.4093
3.5599
3.7318
3.9258
4.1426
4.383
4.6482
4.9398
5.2592
5.6076
5.9864
6.3967
6.8395
7.3164
7.829
8.3777
8.9624
9.5818
10.234
10.917
11.625
12.352
13.092
13.833
14.561
15.259
15.907
16.483
16.961
17.315
17.52
17.55
17.385
17.014
16.432
15.647
14.669
13.532
12.279
10.953
9.5946
8.2417
6.9312
5.7003
4.5759
3.575
2.7068
1.9733
1.3686
0.88014
0.49693
0.20693
-0.0025247
-0.14391
-0.22955
-0.27053
-0.27543
-0.25209
-0.20718
-0.14621
-0.073538
0.0074427
0.094058
0.18424
0.27651
0.37001
0.46441
0.55948
0.65513
0.75159
0.84929
0.94895
1.0513
1.157
1.2669
1.3818
1.5029
1.6313
1.7683
1.9149
2.0724
2.2422
2.4258
2.6249
2.8413
3.0768
3.3332
3.6127
3.9176
4.2503
4.6133
5.0093
5.437
5.8987
6.4018
6.952
7.5533
8.2086
8.9186
9.6828
10.499
11.364
12.271
13.215
14.187
15.175
16.164
17.126
18.028
18.837
19.513
20.012
20.288
20.298
20.007
19.391
18.448
17.193
15.659
13.905
12.014
10.065
8.1292
6.2722
4.551
3.0091
1.6706
0.54458
-0.37416
-1.1053
-1.6709
-2.0919
-2.3915
-2.5924
-2.716
-2.7802
-2.8
-2.7885
-2.7567
-2.7133
-2.6651
-2.6175
-2.5746
-2.5397
-2.5155
-2.5038
-2.5059
-2.5224
-2.5541
-2.602
-2.6666
-2.7483
-2.8474
-2.9643
-3.0998
-3.2548
-3.43
-3.6262
-3.8444
-4.0856
-4.3515
-4.6435
-4.9634
-5.3125
-5.6923
-6.1044
-6.5505
-7.033
-7.5532
-8.1122
-8.7101
-9.3466
-10.021
-10.729
-11.47
-12.239
-13.028
-13.826
-14.621
-15.393
-16.122
-16.783
-17.351
-17.797
-18.088
-18.193
-18.09
-17.763
-17.202
-16.403
-15.39
-14.197
-12.865
-11.434
-9.9476
-8.4549
-7.0101
-5.6541
-4.4166
-3.3175
-2.3665
-1.5638
-0.90252
-0.37207
0.040159
0.34886
0.57076
0.72121
0.81244
0.85632
0.86328
0.84229
0.80082
0.74476
0.67894
0.60731
0.53291
0.45793
0.38379
0.31169
0.24242
0.17641
0.11375
0.054303
-0.0020317
-0.055485
-0.10642
-0.15536
-0.20278
-0.2491
-0.29482
-0.34048
-0.38665
-0.4338
-0.48244
-0.53312
-0.58644
-0.64304
-0.70348
-0.76836
-0.83834
-0.91415
-0.9966
-1.0865
-1.1848
-1.2924
-1.4104
-1.5399
-1.6822
-1.8388
-2.0112
-2.2008
-2.4097
-2.6401
-2.8943
-3.1749
-3.4847
-3.8265
-4.2034
-4.6187
-5.0756
-5.5775
-6.1275
-6.7316
-7.3953
-8.1226
-8.9163
-9.7781
-10.708
-11.706
-12.77
-13.893
-15.067
-16.275
-17.496
-18.696
-19.836
-20.864
-21.725
-22.355
-22.678
-22.63
-22.167
-21.258
-19.892
-18.115
-16.011
-13.667
-11.181
-8.6635
-6.238
-3.9986
-2.0089
-0.30411
1.108
2.2406
3.1182
3.7723
4.2405
4.5595
4.7602
4.871
4.9164
4.9169
4.8891
4.8454
4.796
4.7492
4.7114
4.6871
4.6794
4.6908
4.7232
4.778
4.8561
4.958
5.0839
5.2344
5.4099
5.6108
5.8372
6.0889
6.366
6.6691
6.9982
7.3535
7.7344
8.1402
8.5697
9.0216
9.4945
9.9861
10.493
11.01
11.533
12.053
12.564
13.057
13.519
13.939
14.302
14.596
14.809
14.928
14.94
14.835
14.609
14.262
13.798
13.225
12.553
11.796
10.972
10.102
9.2144
8.332
7.4747
6.6597
5.901
5.2096
4.5924
4.0516
3.5879
3.1998
2.8838
2.6344
2.444
2.3051
2.2133
2.163
2.1488
2.166
2.2102
2.2775
2.365
2.4706
2.5922
2.7284
2.8782
3.0409
3.2164
3.4052
3.6077
3.8241
4.0549
4.3006
4.5621
4.8405
5.137
5.4532
5.7911
6.1516
6.5352
6.9431
7.3759
7.8339
8.317
8.8246
9.3558
9.9088
10.48
11.067
11.663
12.263
12.858
13.436
13.986
14.495
14.946
15.323
15.605
15.779
15.827
15.737
15.5
15.113
14.578
13.903
13.102
12.199
11.225
10.207
9.1708
8.1431
7.1475
6.2077
5.3415
4.5605
3.8722
3.2797
2.7815
2.3719
2.042
1.7853
1.5942
1.4607
1.3772
1.336
1.3299
1.3536
1.4023
1.4721
1.5594
1.6616
1.7766
1.903
2.0398
2.1864
2.3424
2.5078
2.683
2.8689
3.0665
3.2766
3.5002
3.7386
3.9929
4.2647
4.5557
4.8678
5.2023
5.5611
5.9458
6.3578
6.7986
7.2694
7.771
8.3042
8.8665
9.4591
10.082
10.735
11.411
12.106
12.81
13.513
14.201
14.859
15.469
16.013
16.468
16.807
17.009
17.052
16.922
16.605
16.091
15.392
14.525
13.511
12.38
11.162
9.8941
8.6222
7.3849
6.2136
5.1328
4.1599
3.3052
2.5713
1.9552
1.4513
1.0512
0.74367
0.51477
0.35335
0.24959
0.19368
0.1768
0.19116
0.23002
0.2881
0.36107
0.44535
0.53815
0.63749
0.74207
0.85085
0.96312
1.0786
1.1973
1.3198
1.4468
1.5791
1.7172
1.862
2.0146
2.1762
2.3484
2.5324
2.7298
2.942
3.1706
3.4175
3.6845
3.9739
4.2875
4.6277
4.9969
5.3974
5.8317
6.302
6.8105
7.3592
7.9496
8.5812
9.2573
9.9797
10.747
11.556
12.4
13.27
14.155
15.04
15.908
16.739
17.5
18.158
18.681
19.032
19.177
19.081
18.722
18.091
17.192
16.042
14.672
13.125
11.462
9.753
8.0629
6.4451
4.9429
3.5897
2.4047
1.3945
0.55785
-0.11481
-0.64103
-1.0427
-1.3358
-1.5386
-1.668
-1.7397
-1.7673
-1.762
-1.7332
-1.6887
-1.635
-1.5772
-1.5191
-1.4635
-1.4129
-1.3689
-1.3329
-1.3053
-1.2868
-1.2779
-1.2789
-1.2899
-1.311
-1.3422
-1.3836
-1.4356
-1.4984
-1.5722
-1.6574
-1.7547
-1.8646
-1.9881
-2.1257
-2.2785
-2.4476
-2.6345
-2.8406
-3.0675
-3.3171
-3.5911
-3.8916
-4.221
-4.582
-4.9774
-5.4099
-5.8822
-6.397
-6.9568
-7.5633
-8.2207
-8.932
-9.6985
-10.519
-11.392
-12.312
-13.272
-14.265
-15.277
-16.288
-17.272
-18.197
-19.028
-19.723
-20.236
-20.519
-20.527
-20.222
-19.582
-18.603
-17.302
-15.713
-13.904
-11.96
-9.9608
-7.9791
-6.0811
-4.3286
-2.7649
-1.4138
-0.28313
0.63494
1.3628
1.9215
2.3343
2.6251
2.8177
2.934
2.9918
3.0066
2.9916
2.9577
2.9137
2.8664
2.8209
2.7814
2.7513
2.7331
2.7287
2.739
2.7649
2.8074
2.8673
2.9451
3.0413
3.156
3.29
3.444
3.619
3.8157
4.035
4.2778
4.5453
4.8393
5.1611
5.5122
5.8941
6.3079
6.7548
7.2369
7.7555
8.3115
8.9048
9.5345
10.199
10.895
11.619
12.366
13.126
13.891
14.644
15.37
16.048
16.653
17.161
17.54
17.769
17.816
17.66
17.289
16.698
15.893
14.885
13.709
12.411
11.035
9.6251
8.2213
6.8624
5.588
4.4264
3.395
2.5033
1.7525
1.1358
0.63949
0.25213
-0.039362
-0.24846
-0.38845
-0.47244
-0.5116
-0.51502
-0.49086
-0.44601
-0.38612
-0.31565
-0.2381
-0.15626
-0.072198
0.012686
0.097523
0.18167
0.26479
0.34684
0.4281
0.50902
0.58996
0.67144
0.75408
0.83869
0.92612
1.0171
1.1124
1.213
1.3198
1.4339
1.5565
1.6887
1.8316
1.9866
2.155
2.3385
2.5388
2.7575
2.9968
3.2585
3.5452
3.8591
4.203
4.5794
4.9914
5.441
5.9301
6.4645
7.0488
7.6864
8.3797
9.1299
9.9369
10.8
11.716
12.682
13.692
14.735
15.795
16.851
17.873
18.828
19.673
20.362
20.846
21.068
20.978
20.544
19.749
18.592
17.092
15.32
13.357
11.279
9.1643
7.0892
5.1395
3.3732
1.8261
0.51454
-0.56417
-1.4276
-2.0967
-2.5967
-2.9543
-3.1975
-3.3504
-3.4337
-3.4655
-3.4614
-3.434
-3.3936
-3.348
-3.3033
-3.2647
-3.2361
-3.2205
-3.2196
-3.235
-3.2679
-3.3195
-3.3906
-3.4817
-3.5931
-3.725
-3.8785
-4.0543
-4.2531
-4.4757
-4.7228
-4.9952
-5.2943
-5.6214
-5.9778
-6.3644
-6.7821
-7.2316
-7.7134
-8.2287
-8.7778
-9.3597
-9.9727
-10.614
-11.278
-11.962
-12.66
-13.358
-14.046
-14.707
-15.325
-15.881
-16.354
-16.723
-16.962
-17.047
-16.959
-16.686
-16.222
-15.57
-14.741
-13.753
-12.635
-11.426
-10.167
-8.8998
-7.6584
-6.474
-5.3736
-4.3768
-3.4951
-2.7344
-2.0946
-1.57
-1.1494
-0.82036
-0.5736
-0.3979
-0.2825
-0.21717
-0.19222
-0.19989
-0.23371
-0.28801
-0.3581
-0.44023
-0.5316
-0.63007
-0.73398
-0.84218
-0.95398
-1.0692
-1.1881
-1.3109
-1.438
-1.5699
-1.7075
-1.8517
-2.0038
-2.1651
-2.3366
-2.5196
-2.7156
-2.9261
-3.153
-3.3981
-3.6632
-3.9503
-4.2614
-4.5988
-4.9648
-5.3615
-5.7916
-6.255
-6.7519
-7.2885
-7.8696
-8.4979
-9.1744
-9.8981
-10.666
-11.474
-12.315
-13.181
-14.062
-14.944
-15.814
-16.647
-17.413
-18.081
-18.618
-18.988
-19.156
-19.087
-18.759
-18.159
-17.289
-16.166
-14.817
-13.286
-11.635
-9.9327
-8.2433
-6.62
-5.1071
-3.739
-2.5368
-1.5091
-0.65548
0.032794
0.57347
0.98792
1.2919
1.5038
1.6404
1.7178
1.7498
1.7477
1.721
1.6779
1.6249
1.5672
1.5087
1.4523
1.4006
1.3554
1.3179
1.2886
1.2684
1.2575
1.2564
1.2651
1.2836
1.3122
1.351
1.4002
1.4598
1.5303
1.612
1.7055
1.8114
1.9303
2.0629
2.2104
2.3739
2.5547
2.7542
2.9738
3.2152
3.4803
3.7715
4.091
4.4413
4.8249
5.2446
5.7027
6.2019
6.7458
7.3382
7.9814
8.6772
9.4265
10.229
11.085
11.989
12.938
13.925
14.937
15.956
16.958
17.914
18.789
19.544
20.133
20.503
20.607
20.41
19.885
19.013
17.807
16.313
14.584
12.682
10.679
8.6571
6.7046
4.8858
3.2472
1.8173
0.60667
-0.38975
-1.1857
-1.8004
-2.2587
-2.5887
-2.8127
-2.9525
-3.0276
-3.0549
-3.0488
-3.0204
-2.9788
-2.9316
-2.8852
-2.8441
-2.8116
-2.7903
-2.7821
-2.7887
-2.8113
-2.8504
-2.9067
-2.9808
-3.0734
-3.1851
-3.3162
-3.4672
-3.639
-3.8324
-4.0487
-4.2887
-4.5535
-4.8441
-5.162
-5.509
-5.8867
-6.2965
-6.7397
-7.2174
-7.7302
-8.2788
-8.8646
-9.4873
-10.145
-10.836
-11.553
-12.293
-13.046
-13.804
-14.551
-15.27
-15.94
-16.539
-17.043
-17.426
-17.66
-17.719
-17.582
-17.234
-16.669
-15.892
-14.918
-13.773
-12.496
-11.136
-9.74
-8.35
-7.0045
-5.7385
-4.5807
-3.5489
-2.6532
-1.8959
-1.2719
-0.76868
-0.37311
-0.073653
0.14299
0.28973
0.37911
0.42279
0.42984
0.40835
0.36524
0.30625
0.23589
0.15773
0.074564
-0.01149
-0.098962
-0.18696
-0.27484
-0.36228
-0.44923
-0.53598
-0.62296
-0.7106
-0.79942
-0.89009
-0.98347
-1.0805
-1.182
-1.2887
-1.4018
-1.5221
-1.6511
-1.7898
-1.9397
-2.1018
-2.2778
-2.4691
-2.6775
-2.9049
-3.1531
-3.4242
-3.7208
-4.0452
-4.4003
-4.7885
-5.2129
-5.6762
-6.1815
-6.731
-7.325
-7.9696
-8.6695
-9.4273
-10.243
-11.115
-12.038
-13.005
-14.007
-15.032
-16.066
-17.086
-18.059
-18.946
-19.708
-20.3
-20.673
-20.777
-20.572
-20.026
-19.13
-17.895
-16.351
-14.553
-12.585
-10.538
-8.4921
-6.5184
-4.6804
-3.0287
-1.5917
-0.38148
0.60598
1.3905
1.9969
2.4476
2.768
2.9826
3.1147
3.1837
3.2061
3.1959
3.1648
3.1224
3.076
3.0311
2.9923
2.9632
2.9463
2.9436
2.9563
2.9856
3.0325
3.0976
3.1815
3.2844
3.4071
3.5502
3.7145
3.9007
4.1093
4.3413
4.598
4.8807
5.1907
5.5292
5.8973
6.2962
6.7273
7.1923
7.6923
8.2278
8.7986
9.4039
10.042
10.71
11.405
12.122
12.853
13.589
14.315
15.015
15.672
16.261
16.763
17.151
17.395
17.472
17.363
17.055
16.541
15.818
14.905
13.834
12.639
11.354
10.017
8.6674
7.3513
6.1065
4.9601
3.9313
3.0309
2.2617
1.6196
1.0965
0.68246
0.36591
0.13381
-0.02822
-0.13169
-0.18668
-0.20264
-0.18782
-0.14927
-0.092786
-0.02295
0.056523
0.14271
0.2335
0.32737
0.42322
0.52036
0.61852
0.71778
0.81843
0.92075
1.0252
1.1325
1.2436
1.3594
1.4809
1.6089
1.7446
1.8891
2.0438
2.2103
2.3898
2.584
2.7943
3.0226
3.2708
3.541
3.8353
4.1557
4.505
4.8861
5.3017
5.7544
6.2468
6.7816
7.3609
7.9872
8.6597
9.3775
10.147
10.969
11.843
12.762
13.715
14.69
15.667
16.624
17.534
18.368
19.09
19.651
20.009
20.123
19.959
19.485
18.692
17.592
16.216
14.605
12.817
10.921
9.0046
7.1411
5.3906
3.7982
2.3946
1.1928
0.19251
-0.61498
-1.2464
-1.7264
-2.0787
-2.3239
-2.4827
-2.574
-2.6146
-2.6182
-2.5959
-2.5571
-2.5097
-2.46
-2.4125
-2.3707
-2.3373
-2.3146
-2.3041
-2.3068
-2.3235
-2.3549
-2.4017
-2.4642
-2.5428
-2.6378
-2.7499
-2.8797
-3.0281
-3.1956
-3.383
-3.5914
-3.8223
-4.0771
-4.3572
-4.6641
-4.9993
-5.3645
-5.762
-6.1939
-6.6621
-7.1681
-7.7133
-8.2985
-8.9236
-9.5884
-10.294
-11.038
-11.817
-12.622
-13.445
-14.273
-15.091
-15.882
-16.622
-17.283
-17.832
-18.24
-18.478
-18.514
-18.322
-17.886
-17.205
-16.29
-15.16
-13.845
-12.386
-10.84
-9.2678
-7.725
-6.2564
-4.8982
-3.6775
-2.6093
-1.698
-0.94151
-0.33154
0.14678
0.51299
0.78149
0.9677
1.0864
1.1512
1.1743
1.1657
1.1337
1.0852
1.0261
0.96086
0.89287
0.82481
0.75871
0.6961
0.63793
0.58468
0.53667
0.49421
0.45735
0.426
0.39984
0.37856
0.36205
0.35014
0.34261
0.33917
0.33958
0.34376
0.35163
0.36311
0.37814
0.39673
0.41898
0.44499
0.4749
0.50887
0.54719
0.59017
0.63818
0.69162
0.75094
0.81667
0.88946
0.97003
1.0592
1.1578
1.2668
1.3873
1.5204
1.6676
1.8305
2.0106
2.21
2.4306
2.6746
2.9444
3.2426
3.5726
3.9378
4.3416
4.788
5.2808
5.8243
6.4227
7.0789
7.7972
8.5853
9.4482
10.388
11.405
12.495
13.653
14.87
16.135
17.428
18.717
19.961
21.11
22.103
22.872
23.34
23.436
23.089
22.258
20.933
19.139
16.931
14.43
11.773
9.0815
6.4684
4.0354
1.8689
0.012908
-1.5205
-2.7465
-3.6922
-4.3936
-4.8911
-5.226
-5.4333
-5.5444
-5.5862
-5.581
-5.5467
-5.4971
-5.4426
-5.3916
-5.3508
-5.3252
-5.3178
-5.3307
-5.3659
-5.4247
-5.508
-5.6165
-5.7501
-5.9084
-6.0915
-6.2996
-6.5328
-6.7908
-7.0732
-7.3792
-7.7081
-8.0595
-8.4325
-8.8256
-9.2369
-9.6638
-10.103
-10.551
-11.003
-11.453
-11.896
-12.323
-12.727
-13.097
-13.425
-13.699
-13.91
-14.046
-14.099
-14.059
-13.921
-13.685
-13.351
-12.92
-12.401
-11.805
-11.151
-10.453
-9.7273
-8.9896
-8.2547
-7.5375
-6.8537
-6.2148
-5.629
-5.1022
-4.6382
-4.238
-3.9006
-3.6226
-3.3995
-3.2274
-3.1024
-3.02
-2.976
-2.9661
-2.9861
-3.0321
-3.102
-3.1934
-3.3042
-3.4329
-3.5782
-3.7393
-3.9158
-4.1075
-4.3145
-4.5368
-4.7747
-5.0285
-5.2988
-5.5863
-5.8921
-6.217
-6.5613
-6.9256
-7.3103
-7.7153
-8.1404
-8.5846
-9.0469
-9.5256
-10.019
-10.523
-11.034
-11.545
-12.051
-12.542
-13.011
-13.446
-13.837
-14.172
-14.436
-14.618
-14.707
-14.691
-14.563
-14.318
-13.957
-13.484
-12.905
-12.233
-11.488
-10.69
-9.8605
-9.0184
-8.1824
-7.3701
-6.5988
-5.8822
-5.2296
-4.6475
-4.1392
-3.7055
-3.3438
-3.0489
-2.8145
-2.6364
-2.5089
-2.4267
-2.3846
-2.3773
-2.3999
-2.4484
-2.5201
-2.6122
-2.7224
-2.8489
-2.9905
-3.1463
-3.3161
-3.4996
-3.6968
-3.9079
-4.1333
-4.3737
-4.63
-4.9034
-5.1951
-5.506
-5.837
-6.1892
-6.5633
-6.9601
-7.3803
-7.8241
-8.2915
-8.7813
-9.2934
-9.8263
-10.377
-10.942
-11.515
-12.089
-12.656
-13.207
-13.732
-14.217
-14.647
-15.004
-15.275
-15.444
-15.497
-15.424
-15.213
-14.862
-14.375
-13.761
-13.032
-12.204
-11.298
-10.337
-9.3531
-8.3737
-7.4228
-6.5203
-5.6825
-4.9219
-4.2461
-3.6572
-3.1552
-2.738
-2.4007
-2.1363
-1.9353
-1.7903
-1.6952
-1.6433
-1.6286
-1.6454
-1.6887
-1.7543
-1.8391
-1.9405
-2.0562
-2.1847
-2.3249
-2.4762
-2.6386
-2.8124
-2.9977
-3.1945
-3.4034
-3.6252
-3.8612
-4.1127
-4.3816
-4.6698
-4.9781
-5.308
-5.6608
-6.038
-6.4408
-6.8706
-7.3284
-7.8145
-8.3288
-8.8725
-9.4454
-10.046
-10.67
-11.314
-11.971
-12.634
-13.292
-13.935
-14.55
-15.119
-15.621
-16.037
-16.348
-16.534
-16.575
-16.455
-16.164
-15.697
-15.058
